1082 2160
     21.28682695            -0.87               -0
     21.15974068    -0.7943871874     -1.089137856
     21.28682695    -0.7726054284     -1.089137856
     21.14688994     -0.895036562               -0
       20.976992     -0.824959472     -1.089137856
     20.94565184     -0.930177778               -0
     20.71958559    -0.8665744053     -1.089137856
     20.66218366    -0.9780138628               -0
     20.36741004     -0.920871143     -1.089137856
     20.27431778     -1.040429809               -0
     19.90427854    -0.9877493889     -1.089137856
     19.76419686     -1.117309558               -0
     19.32594164     -1.063920068     -1.089137856
     19.12709984     -1.204871848               -0
     18.64859871     -1.141677528     -1.089137856
     18.38082284     -1.294250225               -0
     17.91233553     -1.209027631     -1.089137856
     17.56948449      -1.37163538               -0
     16.75600855     -1.421370499               -0
     17.17426652     -1.252384266     -1.089137856
     16.00454813      -1.43189538               -0
     16.49254214     -1.261730805     -1.089137856
     15.36234377     -1.400679316               -0
      15.9098771     -1.234896453     -1.089137856
     14.85098732     -1.333845746               -0
     15.44566343     -1.177210471     -1.089137856
     14.46951656      -1.24104378               -0
     15.09880517     -1.097048931     -1.089137856
      14.2051271     -1.129424014               -0
     14.85734384     -1.000581466     -1.089137856
     14.04784038     -1.001143343               -0
     14.71146996    -0.8892932829     -1.089137856
              14            -0.87               -0
     14.66453463    -0.7726054284     -1.089137856
     14.71146996     -0.655917574     -1.089137856
     14.04784038    -0.7388566572               -0
     14.85734384    -0.5446293911     -1.089137856
      14.2051271    -0.6105759861               -0
     15.09880517    -0.4481619254     -1.089137856
     14.46951656    -0.4989562197               -0
     15.44566343     -0.368000386     -1.089137856
     14.85098732    -0.4061542535               -0
      15.9098771    -0.3103144038     -1.089137856
     15.36234377    -0.3393206839               -0
     16.49254214    -0.2834800523     -1.089137856
     16.00454813      -0.30810462               -0
     17.17426652    -0.2928265911     -1.089137856
     16.75600855    -0.3186295006               -0
     17.91233553    -0.3361832254     -1.089137856
     17.56948449    -0.3683646201               -0
     18.38082284    -0.4457497748               -0
     18.64859871     -0.403533329     -1.089137856
     19.12709984    -0.5351281523               -0
     19.32594164    -0.4812907892     -1.089137856
     19.76419686    -0.6226904422               -0
     19.90427854     -0.557461468     -1.089137856
     20.27431778    -0.6995701909               -0
     20.36741004    -0.6243397139     -1.089137856
     20.66218366    -0.7619861372               -0
     20.71958559    -0.6786364516     -1.089137856
     20.94565184     -0.809822222               -0
       20.976992    -0.7202513848     -1.089137856
     21.14688994     -0.844963438               -0
     21.15974068    -0.7508236694     -1.089137856
     21.17259143    -0.6937378128     -2.178275712
     21.28682695    -0.6752108569     -2.178275712
     21.00833215     -0.719741166     -2.178275712
     20.77698753    -0.7551349478     -2.178275712
      20.4605023    -0.8013124769     -2.178275712
     20.04436021      -0.85818922     -2.178275712
     19.52478344    -0.9229682876     -2.178275712
     18.91637459    -0.9891048305     -2.178275712
     18.25518657     -1.046419883     -2.178275712
      17.5925245     -1.083398032     -2.178275712
     16.98053615     -1.091566229     -2.178275712
     16.45741043      -1.06911359     -2.178275712
     16.04033955     -1.020575195     -2.178275712
     15.72809379    -0.9530540826     -2.178275712
     15.50956059    -0.8717389177     -2.178275712
     15.37509953     -0.777443223     -2.178275712
     15.32906927    -0.6752108569     -2.178275712
     15.37509953    -0.5729784908     -2.178275712
     15.50956059    -0.4786827961     -2.178275712
     15.72809379    -0.3973676311     -2.178275712
     16.04033955    -0.3298465184     -2.178275712
     16.45741043    -0.2813081238     -2.178275712
     16.98053615    -0.2588554846     -2.178275712
      17.5925245    -0.2670236815     -2.178275712
     18.25518657    -0.3040018307     -2.178275712
     18.91637459    -0.3613168832     -2.178275712
     19.52478344    -0.4274534261     -2.178275712
     20.04436021    -0.4922324937     -2.178275712
      20.4605023    -0.5491092368     -2.178275712
     20.77698753    -0.5952867659     -2.178275712
     21.00833215    -0.6306805477     -2.178275712
     21.17259143    -0.6566839009     -2.178275712
     21.18544217    -0.5930884382     -3.267413568
     21.28682695    -0.5778162853     -3.267413568
      21.0396723      -0.61452286     -3.267413568
     20.83438946    -0.6436954903     -3.267413568
     20.55359456    -0.6817538108     -3.267413568
     20.18444189    -0.7286290511     -3.267413568
     19.72362524    -0.7820165075     -3.267413568
     19.18415047    -0.8365321332     -3.267413568
     18.59803761    -0.8838121346     -3.267413568
     18.01078247    -0.9144117986     -3.267413568
     17.46853016    -0.9214016537     -3.267413568
     17.00494376    -0.9033307269     -3.267413568
     16.63501566    -0.8639399197     -3.267413568
      16.3573824    -0.8090592338     -3.267413568
     16.16177733    -0.7428963695     -3.267413568
     16.03872911     -0.665593163     -3.267413568
      15.9936039    -0.5778162853     -3.267413568
     16.03872911    -0.4900394075     -3.267413568
     16.16177733    -0.4127362011     -3.267413568
      16.3573824    -0.3465733368     -3.267413568
     16.63501566    -0.2916926509     -3.267413568
     17.00494376    -0.2523018437     -3.267413568
     17.46853016    -0.2342309169     -3.267413568
     18.01078247     -0.241220772     -3.267413568
     18.59803761     -0.271820436     -3.267413568
     19.18415047    -0.3191004374     -3.267413568
     19.72362524    -0.3736160631     -3.267413568
     20.18444189    -0.4270035194     -3.267413568
     20.55359456    -0.4738787598     -3.267413568
     20.83438946    -0.5119370803     -3.267413568
      21.0396723    -0.5411097106     -3.267413568
     21.18544217    -0.5625441323     -3.267413568
     21.19829292    -0.4924390636     -4.356551424
     21.28682695    -0.4804217137     -4.356551424
     21.07101246     -0.509304554     -4.356551424
     20.89179139    -0.5322560327     -4.356551424
     20.64668683    -0.5621951446     -4.356551424
     20.32452357    -0.5990688823     -4.356551424
     19.92246705    -0.6410647274     -4.356551424
     19.45192635    -0.6839594358     -4.356551424
     18.94088865    -0.7212043862     -4.356551424
     18.42904044     -0.745425565     -4.356551424
     17.95652417    -0.7512370783     -4.356551424
     17.55247709    -0.7375478638     -4.356551424
     17.22969178    -0.7073046441     -4.356551424
     16.98667101     -0.665064385     -4.356551424
     16.81399407    -0.6140538214     -4.356551424
     16.70235868    -0.5537431031     -4.356551424
     16.65813853    -0.4804217137     -4.356551424
     16.70235868    -0.4071003243     -4.356551424
     16.81399407     -0.346789606     -4.356551424
     16.98667101    -0.2957790425     -4.356551424
     17.22969178    -0.2535387833     -4.356551424
     17.55247709    -0.2232955636     -4.356551424
     17.95652417    -0.2096063492     -4.356551424
     18.42904044    -0.2154178625     -4.356551424
     18.94088865    -0.2396390412     -4.356551424
     19.45192635    -0.2768839916     -4.356551424
     19.92246705       -0.3197787     -4.356551424
     20.32452357    -0.3617745452     -4.356551424
     20.64668683    -0.3986482828     -4.356551424
     20.89179139    -0.4285873947     -4.356551424
     21.07101246    -0.4515388735     -4.356551424
     21.19829292    -0.4684043638     -4.356551424
     21.21114366     -0.391789689      -5.44568928
     21.28682695    -0.3830271421      -5.44568928
     21.10235261     -0.404086248      -5.44568928
     20.94919333    -0.4208165752      -5.44568928
     20.73977909    -0.4426364785      -5.44568928
     20.46460525    -0.4695087134      -5.44568928
     20.12130885    -0.5001129473      -5.44568928
     19.71970223    -0.5313867384      -5.44568928
     19.28373968    -0.5585966378      -5.44568928
     18.84729841    -0.5764393313      -5.44568928
     18.44451818    -0.5810725028      -5.44568928
     18.10001042    -0.5717650007      -5.44568928
     17.82436789    -0.5506693685      -5.44568928
     17.61595963    -0.5210695361      -5.44568928
     17.46621082    -0.4852112732      -5.44568928
     17.36598826    -0.4418930432      -5.44568928
     17.32267317    -0.3830271421      -5.44568928
     17.36598826    -0.3241612411      -5.44568928
     17.46621082     -0.280843011      -5.44568928
     17.61595963    -0.2449847482      -5.44568928
     17.82436789    -0.2153849158      -5.44568928
     18.10001042    -0.1942892836      -5.44568928
     18.44451818    -0.1849817815      -5.44568928
     18.84729841     -0.189614953      -5.44568928
     19.28373968    -0.2074576465      -5.44568928
     19.71970223    -0.2346675458      -5.44568928
     20.12130885    -0.2659413369      -5.44568928
     20.46460525    -0.2965455709      -5.44568928
     20.73977909    -0.3234178058      -5.44568928
     20.94919333    -0.3452377091      -5.44568928
     21.10235261    -0.3619680363      -5.44568928
     21.21114366    -0.3742645952      -5.44568928
     21.89109765    -0.1957403414     -7.624963009
     21.95666721    -0.1881487527     -7.624963009
     21.79684458    -0.2063936844     -7.624963009
     21.66415231    -0.2208883016     -7.624963009
     21.48272255    -0.2397923637     -7.624963009
     21.24432079    -0.2630736032     -7.624963009
     20.94689984    -0.2895881267     -7.624963009
     20.59896078     -0.316682733     -7.624963009
     20.22125686    -0.3402565142     -7.624963009
     19.84313819    -0.3557148498     -7.624963009
     19.49418236    -0.3597288805     -7.624963009
     19.19571192    -0.3516651601     -7.624963009
     18.95690411    -0.3333885832     -7.624963009
     18.77634589    -0.3077442409     -7.624963009
     18.64660834    -0.2766777958     -7.624963009
     18.55977874    -0.2391482752     -7.624963009
     18.52225194    -0.1881487527     -7.624963009
     18.55977874    -0.1371492303     -7.624963009
     18.64660834   -0.09961970967     -7.624963009
     18.77634589   -0.06855326457     -7.624963009
     18.95690411   -0.04290892227     -7.624963009
     19.19571192   -0.02463234535     -7.624963009
     19.49418236   -0.01656862502     -7.624963009
     19.84313819   -0.02058265572     -7.624963009
     20.22125686   -0.03604099128     -7.624963009
     20.59896078   -0.05961477248     -7.624963009
     20.94689984   -0.08670937874     -7.624963009
     21.24432079    -0.1132239023     -7.624963009
     21.48272255    -0.1365051418     -7.624963009
     21.66415231    -0.1554092039     -7.624963009
     21.79684458    -0.1699038211     -7.624963009
     21.89109765    -0.1805571641     -7.624963009
     22.57105164  0.0003090062247     -9.804236739
     22.62650748   0.006729636668     -9.804236739
     22.49133656  -0.008701120773     -9.804236739
     22.37911129   -0.02096002788     -9.804236739
     22.22566601   -0.03694824877     -9.804236739
     22.02403633   -0.05663849306     -9.804236739
     21.77249082   -0.07906330612     -9.804236739
     21.47821934    -0.1019787276     -9.804236739
     21.15877404    -0.1219163906     -9.804236739
     20.83897797    -0.1349903682     -9.804236739
     20.54384654    -0.1383852581     -9.804236739
     20.29141342    -0.1315653195     -9.804236739
     20.08944032    -0.1161077979     -9.804236739
     19.93673215   -0.09441894568     -9.804236739
     19.82700586   -0.06814431836     -9.804236739
     19.75356922   -0.03640350717     -9.804236739
     19.72183071   0.006729636668     -9.804236739
     19.75356922    0.04986278051     -9.804236739
     19.82700586     0.0816035917     -9.804236739
     19.93673215      0.107878219     -9.804236739
     20.08944032     0.1295670712     -9.804236739
     20.29141342     0.1450245929     -9.804236739
     20.54384654     0.1518445314     -9.804236739
     20.83897797     0.1484496415     -9.804236739
     21.15877404      0.135375664     -9.804236739
     21.47821934     0.1154380009     -9.804236739
     21.77249082    0.09252257945     -9.804236739
     22.02403633    0.07009776639     -9.804236739
     22.22566601    0.05040752211     -9.804236739
     22.37911129    0.03441930122     -9.804236739
     22.49133656    0.02216039411     -9.804236739
     22.57105164    0.01315026711     -9.804236739
     23.25100563     0.1963583539     -11.98351047
     23.29634774     0.2016080261     -11.98351047
     23.18582853     0.1889914428     -11.98351047
     23.09407027     0.1789682458     -11.98351047
     22.96860948     0.1658958661     -11.98351047
     22.80375187     0.1497966171     -11.98351047
     22.59808181     0.1314615145     -11.98351047
     22.35747789     0.1127252779     -11.98351047
     22.09629122    0.09642373294     -11.98351047
     21.83481775    0.08573411339     -11.98351047
     21.59351072     0.0829583643     -11.98351047
     21.38711492    0.08853452106     -11.98351047
     21.22197653     0.1011729874     -11.98351047
     21.09711841     0.1189063495     -11.98351047
     21.00740338     0.1403891591     -11.98351047
      20.9473597     0.1663412608     -11.98351047
     20.92140948     0.2016080261     -11.98351047
      20.9473597     0.2368747913     -11.98351047
     21.00740338     0.2628268931     -11.98351047
     21.09711841     0.2843097026     -11.98351047
     21.22197653     0.3020430647     -11.98351047
     21.38711492     0.3146815311     -11.98351047
     21.59351072     0.3202576878     -11.98351047
     21.83481775     0.3174819388     -11.98351047
     22.09629122     0.3067923192     -11.98351047
     22.35747789     0.2904907743     -11.98351047
     22.59808181     0.2717545377     -11.98351047
     22.80375187      0.253419435     -11.98351047
     22.96860948      0.237320186     -11.98351047
     23.09407027     0.2242478064     -11.98351047
     23.18582853     0.2142246093     -11.98351047
     23.25100563     0.2068576983     -11.98351047
     23.93095961     0.3924077015      -14.1627842
     23.96618801     0.3964864155      -14.1627842
      23.8803205     0.3866840064      -14.1627842
     23.80902925     0.3788965195      -14.1627842
     23.71155294      0.368739981      -14.1627842
     23.58346742     0.3562317273      -14.1627842
      23.4236728     0.3419863351      -14.1627842
     23.23673645     0.3274292833      -14.1627842
      23.0338084     0.3147638565      -14.1627842
     22.83065752      0.306458595      -14.1627842
     22.64317489     0.3043019867      -14.1627842
     22.48281642     0.3086343617      -14.1627842
     22.35451274     0.3184537727      -14.1627842
     22.25750468     0.3322316448      -14.1627842
      22.1878009     0.3489226365      -14.1627842
     22.14115018     0.3690860288      -14.1627842
     22.12098825     0.3964864155      -14.1627842
     22.14115018     0.4238868021      -14.1627842
      22.1878009     0.4440501944      -14.1627842
     22.25750468     0.4607411862      -14.1627842
     22.35451274     0.4745190582      -14.1627842
     22.48281642     0.4843384693      -14.1627842
     22.64317489     0.4886708443      -14.1627842
     22.83065752      0.486514236      -14.1627842
      23.0338084     0.4782089745      -14.1627842
     23.23673645     0.4655435476      -14.1627842
      23.4236728     0.4509864958      -14.1627842
     23.58346742     0.4367411037      -14.1627842
     23.71155294       0.42423285      -14.1627842
     23.80902925     0.4140763115      -14.1627842
      23.8803205     0.4062888246      -14.1627842
     23.93095961     0.4005651295      -14.1627842
      24.6109136     0.5884570491     -16.34205793
     24.63602827     0.5913648049     -16.34205793
     24.57481248       0.58437657     -16.34205793
     24.52398823     0.5788247931     -16.34205793
      24.4544964     0.5715840959     -16.34205793
     24.36318296     0.5626668374     -16.34205793
     24.24926379     0.5525111557     -16.34205793
     24.11599501     0.5421332888     -16.34205793
     23.97132558     0.5331039801     -16.34205793
      23.8264973     0.5271830765     -16.34205793
     23.69283907     0.5256456091     -16.34205793
     23.57851792     0.5287342022     -16.34205793
     23.48704895      0.535734558     -16.34205793
     23.41789094       0.54555694     -16.34205793
     23.36819843      0.557456114     -16.34205793
     23.33494066     0.5718307968     -16.34205793
     23.32056702     0.5913648049     -16.34205793
     23.33494066      0.610898813     -16.34205793
     23.36819843     0.6252734958     -16.34205793
     23.41789094     0.6371726698     -16.34205793
     23.48704895     0.6469950517     -16.34205793
     23.57851792     0.6539954075     -16.34205793
     23.69283907     0.6570840007     -16.34205793
      23.8264973     0.6555465332     -16.34205793
     23.97132558     0.6496256297     -16.34205793
     24.11599501      0.640596321     -16.34205793
     24.24926379      0.630218454     -16.34205793
     24.36318296     0.6200627723     -16.34205793
      24.4544964     0.6111455139     -16.34205793
     24.52398823     0.6039048166     -16.34205793
     24.57481248     0.5983530398     -16.34205793
      24.6109136     0.5942725606     -16.34205793
     24.64105002      0.602670663     -16.49764905
     24.66357266     0.6052783151     -16.49764905
     24.60867482      0.599011322     -16.49764905
     24.56309605     0.5940325329     -16.49764905
     24.50077633     0.5875391336     -16.49764905
     24.41888717     0.5795422076     -16.49764905
     24.31672536     0.5704346735     -16.49764905
     24.19721099     0.5611278855     -16.49764905
     24.06747261     0.5530304737     -16.49764905
     23.93759176     0.5477206548     -16.49764905
     23.81772813     0.5463418663     -16.49764905
     23.71520584     0.5491116919     -16.49764905
      23.6331772     0.5553895549     -16.49764905
     23.57115685     0.5641981885     -16.49764905
       23.526593     0.5748692725     -16.49764905
      23.4967677      0.587760373     -16.49764905
     23.48387754     0.6052783151     -16.49764905
      23.4967677     0.6227962572     -16.49764905
       23.526593     0.6356873577     -16.49764905
     23.57115685     0.6463584417     -16.49764905
      23.6331772     0.6551670753     -16.49764905
     23.71520584     0.6614449383     -16.49764905
     23.81772813      0.664214764     -16.49764905
     23.93759176     0.6628359754     -16.49764905
     24.06747261     0.6575261565     -16.49764905
     24.19721099     0.6494287447     -16.49764905
     24.31672536     0.6401219567     -16.49764905
     24.41888717     0.6310144226     -16.49764905
     24.50077633     0.6230174966     -16.49764905
     24.56309605     0.6165240973     -16.49764905
     24.60867482     0.6115453082     -16.49764905
     24.64105002     0.6078859672     -16.49764905
     24.67118645     0.6168842769     -16.65324017
     24.69111705     0.6191918253     -16.65324017
     24.64253717      0.613646074     -16.65324017
     24.60220387     0.6092402727     -16.65324017
     24.54705626     0.6034941713     -16.65324017
     24.47459137     0.5964175777     -16.65324017
     24.38418694     0.5883581913     -16.65324017
     24.27842697     0.5801224822     -16.65324017
     24.16361963     0.5729569673     -16.65324017
     24.04868623     0.5682582331     -16.65324017
     23.94261719     0.5670381235     -16.65324017
     23.85189376     0.5694891816     -16.65324017
     23.77930545     0.5750445519     -16.65324017
     23.72442276      0.582839437     -16.65324017
     23.68498757      0.592282431     -16.65324017
     23.65859474     0.6036899492     -16.65324017
     23.64718805     0.6191918253     -16.65324017
     23.65859474     0.6346937015     -16.65324017
     23.68498757     0.6461012197     -16.65324017
     23.72442276     0.6555442137     -16.65324017
     23.77930545     0.6633390988     -16.65324017
     23.85189376     0.6688944691     -16.65324017
     23.94261719     0.6713455272     -16.65324017
     24.04868623     0.6701254176     -16.65324017
     24.16361963     0.6654266834     -16.65324017
     24.27842697     0.6582611685     -16.65324017
     24.38418694     0.6500254594     -16.65324017
     24.47459137      0.641966073     -16.65324017
     24.54705626     0.6348894794     -16.65324017
     24.60220387     0.6291433779     -16.65324017
     24.64253717     0.6247375767     -16.65324017
     24.67118645     0.6214993738     -16.65324017
     24.70132287     0.6310978908     -16.80883129
     24.71866144     0.6331053356     -16.80883129
     24.67639952      0.628280826     -16.80883129
     24.64131168     0.6244480125     -16.80883129
     24.59333619      0.619449209     -16.80883129
     24.53029558     0.6132929479     -16.80883129
     24.45164852      0.606281709     -16.80883129
     24.35964295     0.5991170789     -16.80883129
     24.25976666     0.5928834609     -16.80883129
     24.15978069     0.5887958113     -16.80883129
     24.06750625     0.5877343807     -16.80883129
     23.98858168     0.5898666712     -16.80883129
      23.9254337     0.5946995488     -16.80883129
     23.87768867     0.6014806855     -16.80883129
     23.84338215     0.6096955895     -16.80883129
     23.82042179     0.6196195254     -16.80883129
     23.81049857     0.6331053356     -16.80883129
     23.82042179     0.6465911457     -16.80883129
     23.84338215     0.6565150816     -16.80883129
     23.87768867     0.6647299856     -16.80883129
      23.9254337     0.6715111223     -16.80883129
     23.98858168     0.6763439999     -16.80883129
     24.06750625     0.6784762905     -16.80883129
     24.15978069     0.6774148598     -16.80883129
     24.25976666     0.6733272102     -16.80883129
     24.35964295     0.6670935922     -16.80883129
     24.45164852     0.6599289621     -16.80883129
     24.53029558     0.6529177233     -16.80883129
     24.59333619     0.6467614621     -16.80883129
     24.64131168     0.6417626586     -16.80883129
     24.67639952     0.6379298451     -16.80883129
     24.70132287     0.6351127803     -16.80883129
     24.73145929     0.6453115047     -16.96442242
     24.74620582     0.6470188458     -16.96442242
     24.71026186      0.642915578     -16.96442242
      24.6804195     0.6396557523     -16.96442242
     24.63961612     0.6354042467     -16.96442242
     24.58599979      0.630168318     -16.96442242
      24.5191101     0.6242052268     -16.96442242
     24.44085893     0.6181116756     -16.96442242
     24.35591368     0.6128099546     -16.96442242
     24.27087515     0.6093333896     -16.96442242
     24.19239532     0.6084306379     -16.96442242
      24.1252696     0.6102441609     -16.96442242
     24.07156195     0.6143545457     -16.96442242
     24.03095457      0.620121934     -16.96442242
     24.00177672      0.627108748     -16.96442242
     23.98224883     0.6355491016     -16.96442242
     23.97380909     0.6470188458     -16.96442242
     23.98224883       0.65848859     -16.96442242
     24.00177672     0.6669289436     -16.96442242
     24.03095457     0.6739157576     -16.96442242
     24.07156195     0.6796831458     -16.96442242
      24.1252696     0.6837935306     -16.96442242
     24.19239532     0.6856070537     -16.96442242
     24.27087515      0.684704302     -16.96442242
     24.35591368      0.681227737     -16.96442242
     24.44085893      0.675926016     -16.96442242
      24.5191101     0.6698324647     -16.96442242
     24.58599979     0.6638693736     -16.96442242
     24.63961612     0.6586334449     -16.96442242
      24.6804195     0.6543819392     -16.96442242
     24.71026186     0.6511221136     -16.96442242
     24.73145929     0.6487261869     -16.96442242
     24.76159571     0.6595251186     -17.12001354
     24.77375021      0.660932356     -17.12001354
     24.74412421       0.65755033     -17.12001354
     24.71952731     0.6548634921     -17.12001354
     24.68589605     0.6513592844     -17.12001354
     24.64170399     0.6470436881     -17.12001354
     24.58657167     0.6421287446     -17.12001354
     24.52207492     0.6371062723     -17.12001354
     24.45206071     0.6327364482     -17.12001354
     24.38196961     0.6298709678     -17.12001354
     24.31728438     0.6291268951     -17.12001354
     24.26195752     0.6306216506     -17.12001354
     24.21769019     0.6340095426     -17.12001354
     24.18422048     0.6387631825     -17.12001354
      24.1601713     0.6445219065     -17.12001354
     24.14407587     0.6514786778     -17.12001354
      24.1371196      0.660932356     -17.12001354
     24.14407587     0.6703860342     -17.12001354
      24.1601713     0.6773428055     -17.12001354
     24.18422048     0.6831015295     -17.12001354
     24.21769019     0.6878551694     -17.12001354
     24.26195752     0.6912430614     -17.12001354
     24.31728438     0.6927378169     -17.12001354
     24.38196961     0.6919937442     -17.12001354
     24.45206071     0.6891282638     -17.12001354
     24.52207492     0.6847584397     -17.12001354
     24.58657167     0.6797359674     -17.12001354
     24.64170399     0.6748210239     -17.12001354
     24.68589605     0.6705054276     -17.12001354
     24.71952731     0.6670012199     -17.12001354
     24.74412421      0.664314382     -17.12001354
     24.76159571     0.6623395934     -17.12001354
     24.76159571     0.6602287373     -17.12001354
     24.74412421      0.659241343     -17.12001354
     24.71952731     0.6578979241     -17.12001354
     24.68589605     0.6561458202     -17.12001354
     24.64170399     0.6539880221     -17.12001354
     24.58657167     0.6515305503     -17.12001354
     24.52207492     0.6490193141     -17.12001354
     24.45206071     0.6468344021     -17.12001354
     24.38196961     0.6454016619     -17.12001354
     24.31728438     0.6450296255     -17.12001354
     24.26195752     0.6457770033     -17.12001354
     24.21769019     0.6474709493     -17.12001354
     24.18422048     0.6498477692     -17.12001354
      24.1601713     0.6527271313     -17.12001354
     24.14407587     0.6562055169     -17.12001354
     24.14407587     0.6656591951     -17.12001354
      24.1601713     0.6691375808     -17.12001354
     24.18422048     0.6720169428     -17.12001354
     24.21769019     0.6743937627     -17.12001354
     24.26195752     0.6760877087     -17.12001354
     24.31728438     0.6768350865     -17.12001354
     24.38196961     0.6764630501     -17.12001354
     24.45206071     0.6750303099     -17.12001354
     24.52207492     0.6728453979     -17.12001354
     24.58657167     0.6703341617     -17.12001354
     24.64170399     0.6678766899     -17.12001354
     24.68589605     0.6657188918     -17.12001354
     24.71952731      0.663966788     -17.12001354
     24.74412421      0.662623369     -17.12001354
     24.76159571     0.6616359747     -17.12001354
     24.76159571      0.660932356     -17.12001354
     24.74412421      0.660932356     -17.12001354
     24.71952731      0.660932356     -17.12001354
     24.68589605      0.660932356     -17.12001354
     24.64170399      0.660932356     -17.12001354
     24.58657167      0.660932356     -17.12001354
     24.52207492      0.660932356     -17.12001354
     24.45206071      0.660932356     -17.12001354
     24.38196961      0.660932356     -17.12001354
     24.31728438      0.660932356     -17.12001354
     24.26195752      0.660932356     -17.12001354
     24.21769019      0.660932356     -17.12001354
     24.18422048      0.660932356     -17.12001354
      24.1601713      0.660932356     -17.12001354
     24.14407587      0.660932356     -17.12001354
     21.28682695    -0.7726054284      1.089137856
     21.15974068    -0.7943871874      1.089137856
       20.976992     -0.824959472      1.089137856
     20.71958559    -0.8665744053      1.089137856
     20.36741004     -0.920871143      1.089137856
     19.90427854    -0.9877493889      1.089137856
     19.32594164     -1.063920068      1.089137856
     18.64859871     -1.141677528      1.089137856
     17.91233553     -1.209027631      1.089137856
     17.17426652     -1.252384266      1.089137856
     16.49254214     -1.261730805      1.089137856
      15.9098771     -1.234896453      1.089137856
     15.44566343     -1.177210471      1.089137856
     15.09880517     -1.097048931      1.089137856
     14.85734384     -1.000581466      1.089137856
     14.71146996    -0.8892932829      1.089137856
     14.66453463    -0.7726054284      1.089137856
     14.71146996     -0.655917574      1.089137856
     14.85734384    -0.5446293911      1.089137856
     15.09880517    -0.4481619254      1.089137856
     15.44566343     -0.368000386      1.089137856
      15.9098771    -0.3103144038      1.089137856
     16.49254214    -0.2834800523      1.089137856
     17.17426652    -0.2928265911      1.089137856
     17.91233553    -0.3361832254      1.089137856
     18.64859871     -0.403533329      1.089137856
     19.32594164    -0.4812907892      1.089137856
     19.90427854     -0.557461468      1.089137856
     20.36741004    -0.6243397139      1.089137856
     20.71958559    -0.6786364516      1.089137856
       20.976992    -0.7202513848      1.089137856
     21.15974068    -0.7508236694      1.089137856
     21.28682695    -0.6752108569      2.178275712
     21.17259143    -0.6937378128      2.178275712
     21.00833215     -0.719741166      2.178275712
     20.77698753    -0.7551349478      2.178275712
      20.4605023    -0.8013124769      2.178275712
     20.04436021      -0.85818922      2.178275712
     19.52478344    -0.9229682876      2.178275712
     18.91637459    -0.9891048305      2.178275712
     18.25518657     -1.046419883      2.178275712
      17.5925245     -1.083398032      2.178275712
     16.98053615     -1.091566229      2.178275712
     16.45741043      -1.06911359      2.178275712
     16.04033955     -1.020575195      2.178275712
     15.72809379    -0.9530540826      2.178275712
     15.50956059    -0.8717389177      2.178275712
     15.37509953     -0.777443223      2.178275712
     15.32906927    -0.6752108569      2.178275712
     15.37509953    -0.5729784908      2.178275712
     15.50956059    -0.4786827961      2.178275712
     15.72809379    -0.3973676311      2.178275712
     16.04033955    -0.3298465184      2.178275712
     16.45741043    -0.2813081238      2.178275712
     16.98053615    -0.2588554846      2.178275712
      17.5925245    -0.2670236815      2.178275712
     18.25518657    -0.3040018307      2.178275712
     18.91637459    -0.3613168832      2.178275712
     19.52478344    -0.4274534261      2.178275712
     20.04436021    -0.4922324937      2.178275712
      20.4605023    -0.5491092368      2.178275712
     20.77698753    -0.5952867659      2.178275712
     21.00833215    -0.6306805477      2.178275712
     21.17259143    -0.6566839009      2.178275712
     21.28682695    -0.5778162853      3.267413568
     21.18544217    -0.5930884382      3.267413568
      21.0396723      -0.61452286      3.267413568
     20.83438946    -0.6436954903      3.267413568
     20.55359456    -0.6817538108      3.267413568
     20.18444189    -0.7286290511      3.267413568
     19.72362524    -0.7820165075      3.267413568
     19.18415047    -0.8365321332      3.267413568
     18.59803761    -0.8838121346      3.267413568
     18.01078247    -0.9144117986      3.267413568
     17.46853016    -0.9214016537      3.267413568
     17.00494376    -0.9033307269      3.267413568
     16.63501566    -0.8639399197      3.267413568
      16.3573824    -0.8090592338      3.267413568
     16.16177733    -0.7428963695      3.267413568
     16.03872911     -0.665593163      3.267413568
      15.9936039    -0.5778162853      3.267413568
     16.03872911    -0.4900394075      3.267413568
     16.16177733    -0.4127362011      3.267413568
      16.3573824    -0.3465733368      3.267413568
     16.63501566    -0.2916926509      3.267413568
     17.00494376    -0.2523018437      3.267413568
     17.46853016    -0.2342309169      3.267413568
     18.01078247     -0.241220772      3.267413568
     18.59803761     -0.271820436      3.267413568
     19.18415047    -0.3191004374      3.267413568
     19.72362524    -0.3736160631      3.267413568
     20.18444189    -0.4270035194      3.267413568
     20.55359456    -0.4738787598      3.267413568
     20.83438946    -0.5119370803      3.267413568
      21.0396723    -0.5411097106      3.267413568
     21.18544217    -0.5625441323      3.267413568
     21.28682695    -0.4804217137      4.356551424
     21.19829292    -0.4924390636      4.356551424
     21.07101246     -0.509304554      4.356551424
     20.89179139    -0.5322560327      4.356551424
     20.64668683    -0.5621951446      4.356551424
     20.32452357    -0.5990688823      4.356551424
     19.92246705    -0.6410647274      4.356551424
     19.45192635    -0.6839594358      4.356551424
     18.94088865    -0.7212043862      4.356551424
     18.42904044     -0.745425565      4.356551424
     17.95652417    -0.7512370783      4.356551424
     17.55247709    -0.7375478638      4.356551424
     17.22969178    -0.7073046441      4.356551424
     16.98667101     -0.665064385      4.356551424
     16.81399407    -0.6140538214      4.356551424
     16.70235868    -0.5537431031      4.356551424
     16.65813853    -0.4804217137      4.356551424
     16.70235868    -0.4071003243      4.356551424
     16.81399407     -0.346789606      4.356551424
     16.98667101    -0.2957790425      4.356551424
     17.22969178    -0.2535387833      4.356551424
     17.55247709    -0.2232955636      4.356551424
     17.95652417    -0.2096063492      4.356551424
     18.42904044    -0.2154178625      4.356551424
     18.94088865    -0.2396390412      4.356551424
     19.45192635    -0.2768839916      4.356551424
     19.92246705       -0.3197787      4.356551424
     20.32452357    -0.3617745452      4.356551424
     20.64668683    -0.3986482828      4.356551424
     20.89179139    -0.4285873947      4.356551424
     21.07101246    -0.4515388735      4.356551424
     21.19829292    -0.4684043638      4.356551424
     21.28682695    -0.3830271421       5.44568928
     21.21114366     -0.391789689       5.44568928
     21.10235261     -0.404086248       5.44568928
     20.94919333    -0.4208165752       5.44568928
     20.73977909    -0.4426364785       5.44568928
     20.46460525    -0.4695087134       5.44568928
     20.12130885    -0.5001129473       5.44568928
     19.71970223    -0.5313867384       5.44568928
     19.28373968    -0.5585966378       5.44568928
     18.84729841    -0.5764393313       5.44568928
     18.44451818    -0.5810725028       5.44568928
     18.10001042    -0.5717650007       5.44568928
     17.82436789    -0.5506693685       5.44568928
     17.61595963    -0.5210695361       5.44568928
     17.46621082    -0.4852112732       5.44568928
     17.36598826    -0.4418930432       5.44568928
     17.32267317    -0.3830271421       5.44568928
     17.36598826    -0.3241612411       5.44568928
     17.46621082     -0.280843011       5.44568928
     17.61595963    -0.2449847482       5.44568928
     17.82436789    -0.2153849158       5.44568928
     18.10001042    -0.1942892836       5.44568928
     18.44451818    -0.1849817815       5.44568928
     18.84729841     -0.189614953       5.44568928
     19.28373968    -0.2074576465       5.44568928
     19.71970223    -0.2346675458       5.44568928
     20.12130885    -0.2659413369       5.44568928
     20.46460525    -0.2965455709       5.44568928
     20.73977909    -0.3234178058       5.44568928
     20.94919333    -0.3452377091       5.44568928
     21.10235261    -0.3619680363       5.44568928
     21.21114366    -0.3742645952       5.44568928
     21.95666721    -0.1881487527      7.624963009
     21.89109765    -0.1957403414      7.624963009
     21.79684458    -0.2063936844      7.624963009
     21.66415231    -0.2208883016      7.624963009
     21.48272255    -0.2397923637      7.624963009
     21.24432079    -0.2630736032      7.624963009
     20.94689984    -0.2895881267      7.624963009
     20.59896078     -0.316682733      7.624963009
     20.22125686    -0.3402565142      7.624963009
     19.84313819    -0.3557148498      7.624963009
     19.49418236    -0.3597288805      7.624963009
     19.19571192    -0.3516651601      7.624963009
     18.95690411    -0.3333885832      7.624963009
     18.77634589    -0.3077442409      7.624963009
     18.64660834    -0.2766777958      7.624963009
     18.55977874    -0.2391482752      7.624963009
     18.52225194    -0.1881487527      7.624963009
     18.55977874    -0.1371492303      7.624963009
     18.64660834   -0.09961970967      7.624963009
     18.77634589   -0.06855326457      7.624963009
     18.95690411   -0.04290892227      7.624963009
     19.19571192   -0.02463234535      7.624963009
     19.49418236   -0.01656862502      7.624963009
     19.84313819   -0.02058265572      7.624963009
     20.22125686   -0.03604099128      7.624963009
     20.59896078   -0.05961477248      7.624963009
     20.94689984   -0.08670937874      7.624963009
     21.24432079    -0.1132239023      7.624963009
     21.48272255    -0.1365051418      7.624963009
     21.66415231    -0.1554092039      7.624963009
     21.79684458    -0.1699038211      7.624963009
     21.89109765    -0.1805571641      7.624963009
     22.62650748   0.006729636668      9.804236739
     22.57105164  0.0003090062247      9.804236739
     22.49133656  -0.008701120773      9.804236739
     22.37911129   -0.02096002788      9.804236739
     22.22566601   -0.03694824877      9.804236739
     22.02403633   -0.05663849306      9.804236739
     21.77249082   -0.07906330612      9.804236739
     21.47821934    -0.1019787276      9.804236739
     21.15877404    -0.1219163906      9.804236739
     20.83897797    -0.1349903682      9.804236739
     20.54384654    -0.1383852581      9.804236739
     20.29141342    -0.1315653195      9.804236739
     20.08944032    -0.1161077979      9.804236739
     19.93673215   -0.09441894568      9.804236739
     19.82700586   -0.06814431836      9.804236739
     19.75356922   -0.03640350717      9.804236739
     19.72183071   0.006729636668      9.804236739
     19.75356922    0.04986278051      9.804236739
     19.82700586     0.0816035917      9.804236739
     19.93673215      0.107878219      9.804236739
     20.08944032     0.1295670712      9.804236739
     20.29141342     0.1450245929      9.804236739
     20.54384654     0.1518445314      9.804236739
     20.83897797     0.1484496415      9.804236739
     21.15877404      0.135375664      9.804236739
     21.47821934     0.1154380009      9.804236739
     21.77249082    0.09252257945      9.804236739
     22.02403633    0.07009776639      9.804236739
     22.22566601    0.05040752211      9.804236739
     22.37911129    0.03441930122      9.804236739
     22.49133656    0.02216039411      9.804236739
     22.57105164    0.01315026711      9.804236739
     23.29634774     0.2016080261      11.98351047
     23.25100563     0.1963583539      11.98351047
     23.18582853     0.1889914428      11.98351047
     23.09407027     0.1789682458      11.98351047
     22.96860948     0.1658958661      11.98351047
     22.80375187     0.1497966171      11.98351047
     22.59808181     0.1314615145      11.98351047
     22.35747789     0.1127252779      11.98351047
     22.09629122    0.09642373294      11.98351047
     21.83481775    0.08573411339      11.98351047
     21.59351072     0.0829583643      11.98351047
     21.38711492    0.08853452106      11.98351047
     21.22197653     0.1011729874      11.98351047
     21.09711841     0.1189063495      11.98351047
     21.00740338     0.1403891591      11.98351047
      20.9473597     0.1663412608      11.98351047
     20.92140948     0.2016080261      11.98351047
      20.9473597     0.2368747913      11.98351047
     21.00740338     0.2628268931      11.98351047
     21.09711841     0.2843097026      11.98351047
     21.22197653     0.3020430647      11.98351047
     21.38711492     0.3146815311      11.98351047
     21.59351072     0.3202576878      11.98351047
     21.83481775     0.3174819388      11.98351047
     22.09629122     0.3067923192      11.98351047
     22.35747789     0.2904907743      11.98351047
     22.59808181     0.2717545377      11.98351047
     22.80375187      0.253419435      11.98351047
     22.96860948      0.237320186      11.98351047
     23.09407027     0.2242478064      11.98351047
     23.18582853     0.2142246093      11.98351047
     23.25100563     0.2068576983      11.98351047
     23.96618801     0.3964864155       14.1627842
     23.93095961     0.3924077015       14.1627842
      23.8803205     0.3866840064       14.1627842
     23.80902925     0.3788965195       14.1627842
     23.71155294      0.368739981       14.1627842
     23.58346742     0.3562317273       14.1627842
      23.4236728     0.3419863351       14.1627842
     23.23673645     0.3274292833       14.1627842
      23.0338084     0.3147638565       14.1627842
     22.83065752      0.306458595       14.1627842
     22.64317489     0.3043019867       14.1627842
     22.48281642     0.3086343617       14.1627842
     22.35451274     0.3184537727       14.1627842
     22.25750468     0.3322316448       14.1627842
      22.1878009     0.3489226365       14.1627842
     22.14115018     0.3690860288       14.1627842
     22.12098825     0.3964864155       14.1627842
     22.14115018     0.4238868021       14.1627842
      22.1878009     0.4440501944       14.1627842
     22.25750468     0.4607411862       14.1627842
     22.35451274     0.4745190582       14.1627842
     22.48281642     0.4843384693       14.1627842
     22.64317489     0.4886708443       14.1627842
     22.83065752      0.486514236       14.1627842
      23.0338084     0.4782089745       14.1627842
     23.23673645     0.4655435476       14.1627842
      23.4236728     0.4509864958       14.1627842
     23.58346742     0.4367411037       14.1627842
     23.71155294       0.42423285       14.1627842
     23.80902925     0.4140763115       14.1627842
      23.8803205     0.4062888246       14.1627842
     23.93095961     0.4005651295       14.1627842
     24.63602827     0.5913648049      16.34205793
      24.6109136     0.5884570491      16.34205793
     24.57481248       0.58437657      16.34205793
     24.52398823     0.5788247931      16.34205793
      24.4544964     0.5715840959      16.34205793
     24.36318296     0.5626668374      16.34205793
     24.24926379     0.5525111557      16.34205793
     24.11599501     0.5421332888      16.34205793
     23.97132558     0.5331039801      16.34205793
      23.8264973     0.5271830765      16.34205793
     23.69283907     0.5256456091      16.34205793
     23.57851792     0.5287342022      16.34205793
     23.48704895      0.535734558      16.34205793
     23.41789094       0.54555694      16.34205793
     23.36819843      0.557456114      16.34205793
     23.33494066     0.5718307968      16.34205793
     23.32056702     0.5913648049      16.34205793
     23.33494066      0.610898813      16.34205793
     23.36819843     0.6252734958      16.34205793
     23.41789094     0.6371726698      16.34205793
     23.48704895     0.6469950517      16.34205793
     23.57851792     0.6539954075      16.34205793
     23.69283907     0.6570840007      16.34205793
      23.8264973     0.6555465332      16.34205793
     23.97132558     0.6496256297      16.34205793
     24.11599501      0.640596321      16.34205793
     24.24926379      0.630218454      16.34205793
     24.36318296     0.6200627723      16.34205793
      24.4544964     0.6111455139      16.34205793
     24.52398823     0.6039048166      16.34205793
     24.57481248     0.5983530398      16.34205793
      24.6109136     0.5942725606      16.34205793
     24.66357266     0.6052783151      16.49764905
     24.64105002      0.602670663      16.49764905
     24.60867482      0.599011322      16.49764905
     24.56309605     0.5940325329      16.49764905
     24.50077633     0.5875391336      16.49764905
     24.41888717     0.5795422076      16.49764905
     24.31672536     0.5704346735      16.49764905
     24.19721099     0.5611278855      16.49764905
     24.06747261     0.5530304737      16.49764905
     23.93759176     0.5477206548      16.49764905
     23.81772813     0.5463418663      16.49764905
     23.71520584     0.5491116919      16.49764905
      23.6331772     0.5553895549      16.49764905
     23.57115685     0.5641981885      16.49764905
       23.526593     0.5748692725      16.49764905
      23.4967677      0.587760373      16.49764905
     23.48387754     0.6052783151      16.49764905
      23.4967677     0.6227962572      16.49764905
       23.526593     0.6356873577      16.49764905
     23.57115685     0.6463584417      16.49764905
      23.6331772     0.6551670753      16.49764905
     23.71520584     0.6614449383      16.49764905
     23.81772813      0.664214764      16.49764905
     23.93759176     0.6628359754      16.49764905
     24.06747261     0.6575261565      16.49764905
     24.19721099     0.6494287447      16.49764905
     24.31672536     0.6401219567      16.49764905
     24.41888717     0.6310144226      16.49764905
     24.50077633     0.6230174966      16.49764905
     24.56309605     0.6165240973      16.49764905
     24.60867482     0.6115453082      16.49764905
     24.64105002     0.6078859672      16.49764905
     24.69111705     0.6191918253      16.65324017
     24.67118645     0.6168842769      16.65324017
     24.64253717      0.613646074      16.65324017
     24.60220387     0.6092402727      16.65324017
     24.54705626     0.6034941713      16.65324017
     24.47459137     0.5964175777      16.65324017
     24.38418694     0.5883581913      16.65324017
     24.27842697     0.5801224822      16.65324017
     24.16361963     0.5729569673      16.65324017
     24.04868623     0.5682582331      16.65324017
     23.94261719     0.5670381235      16.65324017
     23.85189376     0.5694891816      16.65324017
     23.77930545     0.5750445519      16.65324017
     23.72442276      0.582839437      16.65324017
     23.68498757      0.592282431      16.65324017
     23.65859474     0.6036899492      16.65324017
     23.64718805     0.6191918253      16.65324017
     23.65859474     0.6346937015      16.65324017
     23.68498757     0.6461012197      16.65324017
     23.72442276     0.6555442137      16.65324017
     23.77930545     0.6633390988      16.65324017
     23.85189376     0.6688944691      16.65324017
     23.94261719     0.6713455272      16.65324017
     24.04868623     0.6701254176      16.65324017
     24.16361963     0.6654266834      16.65324017
     24.27842697     0.6582611685      16.65324017
     24.38418694     0.6500254594      16.65324017
     24.47459137      0.641966073      16.65324017
     24.54705626     0.6348894794      16.65324017
     24.60220387     0.6291433779      16.65324017
     24.64253717     0.6247375767      16.65324017
     24.67118645     0.6214993738      16.65324017
     24.71866144     0.6331053356      16.80883129
     24.70132287     0.6310978908      16.80883129
     24.67639952      0.628280826      16.80883129
     24.64131168     0.6244480125      16.80883129
     24.59333619      0.619449209      16.80883129
     24.53029558     0.6132929479      16.80883129
     24.45164852      0.606281709      16.80883129
     24.35964295     0.5991170789      16.80883129
     24.25976666     0.5928834609      16.80883129
     24.15978069     0.5887958113      16.80883129
     24.06750625     0.5877343807      16.80883129
     23.98858168     0.5898666712      16.80883129
      23.9254337     0.5946995488      16.80883129
     23.87768867     0.6014806855      16.80883129
     23.84338215     0.6096955895      16.80883129
     23.82042179     0.6196195254      16.80883129
     23.81049857     0.6331053356      16.80883129
     23.82042179     0.6465911457      16.80883129
     23.84338215     0.6565150816      16.80883129
     23.87768867     0.6647299856      16.80883129
      23.9254337     0.6715111223      16.80883129
     23.98858168     0.6763439999      16.80883129
     24.06750625     0.6784762905      16.80883129
     24.15978069     0.6774148598      16.80883129
     24.25976666     0.6733272102      16.80883129
     24.35964295     0.6670935922      16.80883129
     24.45164852     0.6599289621      16.80883129
     24.53029558     0.6529177233      16.80883129
     24.59333619     0.6467614621      16.80883129
     24.64131168     0.6417626586      16.80883129
     24.67639952     0.6379298451      16.80883129
     24.70132287     0.6351127803      16.80883129
     24.74620582     0.6470188458      16.96442242
     24.73145929     0.6453115047      16.96442242
     24.71026186      0.642915578      16.96442242
      24.6804195     0.6396557523      16.96442242
     24.63961612     0.6354042467      16.96442242
     24.58599979      0.630168318      16.96442242
      24.5191101     0.6242052268      16.96442242
     24.44085893     0.6181116756      16.96442242
     24.35591368     0.6128099546      16.96442242
     24.27087515     0.6093333896      16.96442242
     24.19239532     0.6084306379      16.96442242
      24.1252696     0.6102441609      16.96442242
     24.07156195     0.6143545457      16.96442242
     24.03095457      0.620121934      16.96442242
     24.00177672      0.627108748      16.96442242
     23.98224883     0.6355491016      16.96442242
     23.97380909     0.6470188458      16.96442242
     23.98224883       0.65848859      16.96442242
     24.00177672     0.6669289436      16.96442242
     24.03095457     0.6739157576      16.96442242
     24.07156195     0.6796831458      16.96442242
      24.1252696     0.6837935306      16.96442242
     24.19239532     0.6856070537      16.96442242
     24.27087515      0.684704302      16.96442242
     24.35591368      0.681227737      16.96442242
     24.44085893      0.675926016      16.96442242
      24.5191101     0.6698324647      16.96442242
     24.58599979     0.6638693736      16.96442242
     24.63961612     0.6586334449      16.96442242
      24.6804195     0.6543819392      16.96442242
     24.71026186     0.6511221136      16.96442242
     24.73145929     0.6487261869      16.96442242
     24.77375021      0.660932356      17.12001354
     24.76159571     0.6595251186      17.12001354
     24.74412421       0.65755033      17.12001354
     24.71952731     0.6548634921      17.12001354
     24.68589605     0.6513592844      17.12001354
     24.64170399     0.6470436881      17.12001354
     24.58657167     0.6421287446      17.12001354
     24.52207492     0.6371062723      17.12001354
     24.45206071     0.6327364482      17.12001354
     24.38196961     0.6298709678      17.12001354
     24.31728438     0.6291268951      17.12001354
     24.26195752     0.6306216506      17.12001354
     24.21769019     0.6340095426      17.12001354
     24.18422048     0.6387631825      17.12001354
      24.1601713     0.6445219065      17.12001354
     24.14407587     0.6514786778      17.12001354
      24.1371196      0.660932356      17.12001354
     24.14407587     0.6703860342      17.12001354
      24.1601713     0.6773428055      17.12001354
     24.18422048     0.6831015295      17.12001354
     24.21769019     0.6878551694      17.12001354
     24.26195752     0.6912430614      17.12001354
     24.31728438     0.6927378169      17.12001354
     24.38196961     0.6919937442      17.12001354
     24.45206071     0.6891282638      17.12001354
     24.52207492     0.6847584397      17.12001354
     24.58657167     0.6797359674      17.12001354
     24.64170399     0.6748210239      17.12001354
     24.68589605     0.6705054276      17.12001354
     24.71952731     0.6670012199      17.12001354
     24.74412421      0.664314382      17.12001354
     24.76159571     0.6623395934      17.12001354
     24.76159571     0.6602287373      17.12001354
     24.74412421      0.659241343      17.12001354
     24.71952731     0.6578979241      17.12001354
     24.68589605     0.6561458202      17.12001354
     24.64170399     0.6539880221      17.12001354
     24.58657167     0.6515305503      17.12001354
     24.52207492     0.6490193141      17.12001354
     24.45206071     0.6468344021      17.12001354
     24.38196961     0.6454016619      17.12001354
     24.31728438     0.6450296255      17.12001354
     24.26195752     0.6457770033      17.12001354
     24.21769019     0.6474709493      17.12001354
     24.18422048     0.6498477692      17.12001354
      24.1601713     0.6527271313      17.12001354
     24.14407587     0.6562055169      17.12001354
     24.14407587     0.6656591951      17.12001354
      24.1601713     0.6691375808      17.12001354
     24.18422048     0.6720169428      17.12001354
     24.21769019     0.6743937627      17.12001354
     24.26195752     0.6760877087      17.12001354
     24.31728438     0.6768350865      17.12001354
     24.38196961     0.6764630501      17.12001354
     24.45206071     0.6750303099      17.12001354
     24.52207492     0.6728453979      17.12001354
     24.58657167     0.6703341617      17.12001354
     24.64170399     0.6678766899      17.12001354
     24.68589605     0.6657188918      17.12001354
     24.71952731      0.663966788      17.12001354
     24.74412421      0.662623369      17.12001354
     24.76159571     0.6616359747      17.12001354
     24.76159571      0.660932356      17.12001354
     24.74412421      0.660932356      17.12001354
     24.71952731      0.660932356      17.12001354
     24.68589605      0.660932356      17.12001354
     24.64170399      0.660932356      17.12001354
     24.58657167      0.660932356      17.12001354
     24.52207492      0.660932356      17.12001354
     24.45206071      0.660932356      17.12001354
     24.38196961      0.660932356      17.12001354
     24.31728438      0.660932356      17.12001354
     24.26195752      0.660932356      17.12001354
     24.21769019      0.660932356      17.12001354
     24.18422048      0.660932356      17.12001354
      24.1601713      0.660932356      17.12001354
     24.14407587      0.660932356      17.12001354
1 3 2 1.0
1 2 4 1.0
4 2 5 1.0
4 5 6 1.0
6 5 7 1.0
6 7 8 1.0
8 7 9 1.0
8 9 10 1.0
10 9 11 1.0
10 11 12 1.0
12 11 13 1.0
12 13 14 1.0
14 13 15 1.0
14 15 16 1.0
16 15 17 1.0
16 17 18 1.0
18 17 19 1.0
17 20 19 1.0
19 20 21 1.0
20 22 21 1.0
21 22 23 1.0
22 24 23 1.0
23 24 25 1.0
24 26 25 1.0
25 26 27 1.0
26 28 27 1.0
27 28 29 1.0
28 30 29 1.0
29 30 31 1.0
30 32 31 1.0
31 32 33 1.0
32 34 33 1.0
33 34 35 1.0
33 35 36 1.0
36 35 37 1.0
36 37 38 1.0
38 37 39 1.0
38 39 40 1.0
40 39 41 1.0
40 41 42 1.0
42 41 43 1.0
42 43 44 1.0
44 43 45 1.0
44 45 46 1.0
46 45 47 1.0
46 47 48 1.0
48 47 49 1.0
48 49 50 1.0
50 49 51 1.0
49 52 51 1.0
51 52 53 1.0
52 54 53 1.0
53 54 55 1.0
54 56 55 1.0
55 56 57 1.0
56 58 57 1.0
57 58 59 1.0
58 60 59 1.0
59 60 61 1.0
60 62 61 1.0
61 62 63 1.0
62 64 63 1.0
63 64 1 1.0
64 3 1 1.0
3 66 65 4.0
3 65 2 1.0
2 65 67 4.0
2 67 5 1.0
5 67 68 4.0
5 68 7 1.0
7 68 69 4.0
7 69 9 1.0
9 69 70 4.0
9 70 11 1.0
11 70 71 1.0
11 71 13 1.0
13 71 72 1.0
13 72 15 1.0
15 72 73 1.0
15 73 17 1.0
17 73 20 1.0
73 74 20 1.0
20 74 22 1.0
74 75 22 1.0
22 75 24 1.0
75 76 24 1.0
24 76 26 1.0
76 77 26 1.0
26 77 28 1.0
77 78 28 1.0
28 78 30 1.0
78 79 30 1.0
30 79 32 1.0
79 80 32 1.0
32 80 34 1.0
80 81 34 1.0
34 81 82 1.0
34 82 35 1.0
35 82 83 1.0
35 83 37 1.0
37 83 84 1.0
37 84 39 1.0
39 84 85 1.0
39 85 41 1.0
41 85 86 1.0
41 86 43 1.0
43 86 87 1.0
43 87 45 1.0
45 87 88 1.0
45 88 47 1.0
47 88 89 1.0
47 89 49 1.0
49 89 52 1.0
89 90 52 1.0
52 90 54 1.0
90 91 54 1.0
54 91 56 1.0
91 92 56 1.0
56 92 58 1.0
92 93 58 4.0
58 93 60 1.0
93 94 60 4.0
60 94 62 1.0
94 95 62 4.0
62 95 64 1.0
95 96 64 4.0
64 96 3 1.0
96 66 3 4.0
66 98 97 4.0
66 97 65 4.0
65 97 99 4.0
65 99 67 4.0
67 99 100 4.0
67 100 68 4.0
68 100 101 4.0
68 101 69 4.0
69 101 102 4.0
69 102 70 4.0
70 102 103 1.0
70 103 71 1.0
71 103 104 1.0
71 104 72 1.0
72 104 105 1.0
72 105 73 1.0
73 105 74 1.0
105 106 74 1.0
74 106 75 1.0
106 107 75 1.0
75 107 76 1.0
107 108 76 1.0
76 108 77 1.0
108 109 77 1.0
77 109 78 1.0
109 110 78 1.0
78 110 79 1.0
110 111 79 1.0
79 111 80 1.0
111 112 80 1.0
80 112 81 1.0
112 113 81 1.0
81 113 114 1.0
81 114 82 1.0
82 114 115 1.0
82 115 83 1.0
83 115 116 1.0
83 116 84 1.0
84 116 117 1.0
84 117 85 1.0
85 117 118 1.0
85 118 86 1.0
86 118 119 1.0
86 119 87 1.0
87 119 120 1.0
87 120 88 1.0
88 120 121 1.0
88 121 89 1.0
89 121 90 1.0
121 122 90 1.0
90 122 91 1.0
122 123 91 1.0
91 123 92 1.0
123 124 92 1.0
92 124 93 4.0
124 125 93 4.0
93 125 94 4.0
125 126 94 4.0
94 126 95 4.0
126 127 95 4.0
95 127 96 4.0
127 128 96 4.0
96 128 66 4.0
128 98 66 4.0
98 130 129 4.0
98 129 97 4.0
97 129 131 4.0
97 131 99 4.0
99 131 132 4.0
99 132 100 4.0
100 132 133 4.0
100 133 101 4.0
101 133 134 4.0
101 134 102 4.0
102 134 135 1.0
102 135 103 1.0
103 135 136 1.0
103 136 104 1.0
104 136 137 1.0
104 137 105 1.0
105 137 106 1.0
137 138 106 1.0
106 138 107 1.0
138 139 107 1.0
107 139 108 1.0
139 140 108 1.0
108 140 109 1.0
140 141 109 1.0
109 141 110 1.0
141 142 110 1.0
110 142 111 1.0
142 143 111 1.0
111 143 112 1.0
143 144 112 1.0
112 144 113 1.0
144 145 113 1.0
113 145 146 1.0
113 146 114 1.0
114 146 147 1.0
114 147 115 1.0
115 147 148 1.0
115 148 116 1.0
116 148 149 1.0
116 149 117 1.0
117 149 150 1.0
117 150 118 1.0
118 150 151 1.0
118 151 119 1.0
119 151 152 1.0
119 152 120 1.0
120 152 153 1.0
120 153 121 1.0
121 153 122 1.0
153 154 122 1.0
122 154 123 1.0
154 155 123 1.0
123 155 124 1.0
155 156 124 1.0
124 156 125 4.0
156 157 125 4.0
125 157 126 4.0
157 158 126 4.0
126 158 127 4.0
158 159 127 4.0
127 159 128 4.0
159 160 128 4.0
128 160 98 4.0
160 130 98 4.0
130 162 161 4.0
130 161 129 4.0
129 161 163 4.0
129 163 131 4.0
131 163 164 4.0
131 164 132 4.0
132 164 165 4.0
132 165 133 4.0
133 165 166 4.0
133 166 134 4.0
134 166 167 1.0
134 167 135 1.0
135 167 168 1.0
135 168 136 1.0
136 168 169 1.0
136 169 137 1.0
137 169 138 1.0
169 170 138 1.0
138 170 139 1.0
170 171 139 1.0
139 171 140 1.0
171 172 140 1.0
140 172 141 1.0
172 173 141 1.0
141 173 142 1.0
173 174 142 1.0
142 174 143 1.0
174 175 143 1.0
143 175 144 1.0
175 176 144 1.0
144 176 145 1.0
176 177 145 1.0
145 177 178 1.0
145 178 146 1.0
146 178 179 1.0
146 179 147 1.0
147 179 180 1.0
147 180 148 1.0
148 180 181 1.0
148 181 149 1.0
149 181 182 1.0
149 182 150 1.0
150 182 183 1.0
150 183 151 1.0
151 183 184 1.0
151 184 152 1.0
152 184 185 1.0
152 185 153 1.0
153 185 154 1.0
185 186 154 1.0
154 186 155 1.0
186 187 155 1.0
155 187 156 1.0
187 188 156 1.0
156 188 157 4.0
188 189 157 4.0
157 189 158 4.0
189 190 158 4.0
158 190 159 4.0
190 191 159 4.0
159 191 160 4.0
191 192 160 4.0
160 192 130 4.0
192 162 130 4.0
162 194 193 4.0
162 193 161 4.0
161 193 195 4.0
161 195 163 4.0
163 195 196 4.0
163 196 164 4.0
164 196 197 4.0
164 197 165 4.0
165 197 198 4.0
165 198 166 4.0
166 198 199 1.0
166 199 167 1.0
167 199 200 1.0
167 200 168 1.0
168 200 201 1.0
168 201 169 1.0
169 201 170 1.0
201 202 170 1.0
170 202 171 1.0
202 203 171 1.0
171 203 172 1.0
203 204 172 5.0
172 204 173 5.0
204 205 173 5.0
173 205 174 5.0
205 206 174 5.0
174 206 175 5.0
206 207 175 5.0
175 207 176 5.0
207 208 176 5.0
176 208 177 5.0
208 209 177 5.0
177 209 210 5.0
177 210 178 5.0
178 210 211 5.0
178 211 179 5.0
179 211 212 5.0
179 212 180 5.0
180 212 213 5.0
180 213 181 5.0
181 213 214 5.0
181 214 182 5.0
182 214 215 5.0
182 215 183 1.0
183 215 216 1.0
183 216 184 1.0
184 216 217 1.0
184 217 185 1.0
185 217 186 1.0
217 218 186 1.0
186 218 187 1.0
218 219 187 1.0
187 219 188 1.0
219 220 188 1.0
188 220 189 4.0
220 221 189 4.0
189 221 190 4.0
221 222 190 4.0
190 222 191 4.0
222 223 191 4.0
191 223 192 4.0
223 224 192 4.0
192 224 162 4.0
224 194 162 4.0
194 226 225 4.0
194 225 193 4.0
193 225 227 4.0
193 227 195 4.0
195 227 228 4.0
195 228 196 4.0
196 228 229 4.0
196 229 197 4.0
197 229 230 4.0
197 230 198 4.0
198 230 231 1.0
198 231 199 1.0
199 231 232 1.0
199 232 200 1.0
200 232 233 1.0
200 233 201 1.0
201 233 202 1.0
233 234 202 1.0
202 234 203 1.0
234 235 203 1.0
203 235 204 1.0
235 236 204 5.0
204 236 205 5.0
236 237 205 5.0
205 237 206 5.0
237 238 206 5.0
206 238 207 5.0
238 239 207 5.0
207 239 208 5.0
239 240 208 5.0
208 240 209 5.0
240 241 209 5.0
209 241 242 5.0
209 242 210 5.0
210 242 243 5.0
210 243 211 5.0
211 243 244 5.0
211 244 212 5.0
212 244 245 5.0
212 245 213 5.0
213 245 246 5.0
213 246 214 5.0
214 246 247 5.0
214 247 215 1.0
215 247 248 1.0
215 248 216 1.0
216 248 249 1.0
216 249 217 1.0
217 249 218 1.0
249 250 218 1.0
218 250 219 1.0
250 251 219 1.0
219 251 220 1.0
251 252 220 1.0
220 252 221 4.0
252 253 221 4.0
221 253 222 4.0
253 254 222 4.0
222 254 223 4.0
254 255 223 4.0
223 255 224 4.0
255 256 224 4.0
224 256 194 4.0
256 226 194 4.0
226 258 257 3.0
226 257 225 3.0
225 257 259 3.0
225 259 227 3.0
227 259 260 3.0
227 260 228 3.0
228 260 261 3.0
228 261 229 3.0
229 261 262 3.0
229 262 230 3.0
230 262 263 1.0
230 263 231 1.0
231 263 264 1.0
231 264 232 1.0
232 264 265 1.0
232 265 233 1.0
233 265 234 1.0
265 266 234 1.0
234 266 235 1.0
266 267 235 1.0
235 267 236 1.0
267 268 236 5.0
236 268 237 5.0
268 269 237 5.0
237 269 238 5.0
269 270 238 5.0
238 270 239 5.0
270 271 239 5.0
239 271 240 5.0
271 272 240 5.0
240 272 241 5.0
272 273 241 5.0
241 273 274 5.0
241 274 242 5.0
242 274 275 5.0
242 275 243 5.0
243 275 276 5.0
243 276 244 5.0
244 276 277 5.0
244 277 245 5.0
245 277 278 5.0
245 278 246 5.0
246 278 279 5.0
246 279 247 1.0
247 279 280 1.0
247 280 248 1.0
248 280 281 1.0
248 281 249 1.0
249 281 250 1.0
281 282 250 1.0
250 282 251 1.0
282 283 251 1.0
251 283 252 1.0
283 284 252 1.0
252 284 253 3.0
284 285 253 3.0
253 285 254 3.0
285 286 254 3.0
254 286 255 3.0
286 287 255 3.0
255 287 256 3.0
287 288 256 3.0
256 288 226 3.0
288 258 226 3.0
258 290 289 3.0
258 289 257 3.0
257 289 291 3.0
257 291 259 3.0
259 291 292 3.0
259 292 260 3.0
260 292 293 3.0
260 293 261 3.0
261 293 294 3.0
261 294 262 3.0
262 294 295 1.0
262 295 263 1.0
263 295 296 1.0
263 296 264 1.0
264 296 297 1.0
264 297 265 1.0
265 297 266 1.0
297 298 266 1.0
266 298 267 1.0
298 299 267 1.0
267 299 268 1.0
299 300 268 5.0
268 300 269 5.0
300 301 269 5.0
269 301 270 5.0
301 302 270 5.0
270 302 271 5.0
302 303 271 5.0
271 303 272 5.0
303 304 272 5.0
272 304 273 5.0
304 305 273 5.0
273 305 306 5.0
273 306 274 5.0
274 306 307 5.0
274 307 275 5.0
275 307 308 5.0
275 308 276 5.0
276 308 309 5.0
276 309 277 5.0
277 309 310 5.0
277 310 278 5.0
278 310 311 5.0
278 311 279 1.0
279 311 312 1.0
279 312 280 1.0
280 312 313 1.0
280 313 281 1.0
281 313 282 1.0
313 314 282 1.0
282 314 283 1.0
314 315 283 1.0
283 315 284 1.0
315 316 284 1.0
284 316 285 3.0
316 317 285 3.0
285 317 286 3.0
317 318 286 3.0
286 318 287 3.0
318 319 287 3.0
287 319 288 3.0
319 320 288 3.0
288 320 258 3.0
320 290 258 3.0
290 322 321 1.0
290 321 289 3.0
289 321 323 1.0
289 323 291 3.0
291 323 324 1.0
291 324 292 3.0
292 324 325 1.0
292 325 293 3.0
293 325 326 1.0
293 326 294 3.0
294 326 327 1.0
294 327 295 1.0
295 327 328 1.0
295 328 296 1.0
296 328 329 1.0
296 329 297 1.0
297 329 298 1.0
329 330 298 1.0
298 330 299 1.0
330 331 299 1.0
299 331 300 1.0
331 332 300 1.0
300 332 301 5.0
332 333 301 1.0
301 333 302 5.0
333 334 302 1.0
302 334 303 5.0
334 335 303 1.0
303 335 304 5.0
335 336 304 1.0
304 336 305 5.0
336 337 305 1.0
305 337 338 1.0
305 338 306 5.0
306 338 339 1.0
306 339 307 5.0
307 339 340 1.0
307 340 308 5.0
308 340 341 1.0
308 341 309 5.0
309 341 342 1.0
309 342 310 5.0
310 342 343 1.0
310 343 311 1.0
311 343 344 1.0
311 344 312 1.0
312 344 345 1.0
312 345 313 1.0
313 345 314 1.0
345 346 314 1.0
314 346 315 1.0
346 347 315 1.0
315 347 316 1.0
347 348 316 1.0
316 348 317 3.0
348 349 317 1.0
317 349 318 3.0
349 350 318 1.0
318 350 319 3.0
350 351 319 1.0
319 351 320 3.0
351 352 320 1.0
320 352 290 3.0
352 322 290 1.0
322 354 353 1.0
322 353 321 1.0
321 353 355 1.0
321 355 323 1.0
323 355 356 1.0
323 356 324 1.0
324 356 357 1.0
324 357 325 1.0
325 357 358 1.0
325 358 326 1.0
326 358 359 1.0
326 359 327 1.0
327 359 360 1.0
327 360 328 1.0
328 360 361 1.0
328 361 329 1.0
329 361 330 1.0
361 362 330 1.0
330 362 331 1.0
362 363 331 1.0
331 363 332 1.0
363 364 332 1.0
332 364 333 1.0
364 365 333 1.0
333 365 334 1.0
365 366 334 1.0
334 366 335 1.0
366 367 335 1.0
335 367 336 1.0
367 368 336 1.0
336 368 337 1.0
368 369 337 1.0
337 369 370 1.0
337 370 338 1.0
338 370 371 1.0
338 371 339 1.0
339 371 372 1.0
339 372 340 1.0
340 372 373 1.0
340 373 341 1.0
341 373 374 1.0
341 374 342 1.0
342 374 375 1.0
342 375 343 1.0
343 375 376 1.0
343 376 344 1.0
344 376 377 1.0
344 377 345 1.0
345 377 346 1.0
377 378 346 1.0
346 378 347 1.0
378 379 347 1.0
347 379 348 1.0
379 380 348 1.0
348 380 349 1.0
380 381 349 1.0
349 381 350 1.0
381 382 350 1.0
350 382 351 1.0
382 383 351 1.0
351 383 352 1.0
383 384 352 1.0
352 384 322 1.0
384 354 322 1.0
354 386 385 1.0
354 385 353 1.0
353 385 387 1.0
353 387 355 1.0
355 387 388 1.0
355 388 356 1.0
356 388 389 1.0
356 389 357 1.0
357 389 390 1.0
357 390 358 1.0
358 390 391 1.0
358 391 359 1.0
359 391 392 1.0
359 392 360 1.0
360 392 393 1.0
360 393 361 1.0
361 393 362 1.0
393 394 362 1.0
362 394 363 1.0
394 395 363 1.0
363 395 364 1.0
395 396 364 1.0
364 396 365 1.0
396 397 365 1.0
365 397 366 1.0
397 398 366 1.0
366 398 367 1.0
398 399 367 1.0
367 399 368 1.0
399 400 368 1.0
368 400 369 1.0
400 401 369 1.0
369 401 402 1.0
369 402 370 1.0
370 402 403 1.0
370 403 371 1.0
371 403 404 1.0
371 404 372 1.0
372 404 405 1.0
372 405 373 1.0
373 405 406 1.0
373 406 374 1.0
374 406 407 1.0
374 407 375 1.0
375 407 408 1.0
375 408 376 1.0
376 408 409 1.0
376 409 377 1.0
377 409 378 1.0
409 410 378 1.0
378 410 379 1.0
410 411 379 1.0
379 411 380 1.0
411 412 380 1.0
380 412 381 1.0
412 413 381 1.0
381 413 382 1.0
413 414 382 1.0
382 414 383 1.0
414 415 383 1.0
383 415 384 1.0
415 416 384 1.0
384 416 354 1.0
416 386 354 1.0
386 418 417 1.0
386 417 385 1.0
385 417 419 1.0
385 419 387 1.0
387 419 420 1.0
387 420 388 1.0
388 420 421 1.0
388 421 389 1.0
389 421 422 1.0
389 422 390 1.0
390 422 423 1.0
390 423 391 1.0
391 423 424 1.0
391 424 392 1.0
392 424 425 1.0
392 425 393 1.0
393 425 394 1.0
425 426 394 1.0
394 426 395 1.0
426 427 395 1.0
395 427 396 1.0
427 428 396 1.0
396 428 397 1.0
428 429 397 1.0
397 429 398 1.0
429 430 398 1.0
398 430 399 1.0
430 431 399 1.0
399 431 400 1.0
431 432 400 1.0
400 432 401 1.0
432 433 401 1.0
401 433 434 1.0
401 434 402 1.0
402 434 435 1.0
402 435 403 1.0
403 435 436 1.0
403 436 404 1.0
404 436 437 1.0
404 437 405 1.0
405 437 438 1.0
405 438 406 1.0
406 438 439 1.0
406 439 407 1.0
407 439 440 1.0
407 440 408 1.0
408 440 441 1.0
408 441 409 1.0
409 441 410 1.0
441 442 410 1.0
410 442 411 1.0
442 443 411 1.0
411 443 412 1.0
443 444 412 1.0
412 444 413 1.0
444 445 413 1.0
413 445 414 1.0
445 446 414 1.0
414 446 415 1.0
446 447 415 1.0
415 447 416 1.0
447 448 416 1.0
416 448 386 1.0
448 418 386 1.0
418 450 449 1.0
418 449 417 1.0
417 449 451 1.0
417 451 419 1.0
419 451 452 1.0
419 452 420 1.0
420 452 453 1.0
420 453 421 1.0
421 453 454 1.0
421 454 422 1.0
422 454 455 1.0
422 455 423 1.0
423 455 456 1.0
423 456 424 1.0
424 456 457 1.0
424 457 425 1.0
425 457 426 1.0
457 458 426 1.0
426 458 427 1.0
458 459 427 1.0
427 459 428 1.0
459 460 428 1.0
428 460 429 1.0
460 461 429 1.0
429 461 430 1.0
461 462 430 1.0
430 462 431 1.0
462 463 431 1.0
431 463 432 1.0
463 464 432 1.0
432 464 433 1.0
464 465 433 1.0
433 465 466 1.0
433 466 434 1.0
434 466 467 1.0
434 467 435 1.0
435 467 468 1.0
435 468 436 1.0
436 468 469 1.0
436 469 437 1.0
437 469 470 1.0
437 470 438 1.0
438 470 471 1.0
438 471 439 1.0
439 471 472 1.0
439 472 440 1.0
440 472 473 1.0
440 473 441 1.0
441 473 442 1.0
473 474 442 1.0
442 474 443 1.0
474 475 443 1.0
443 475 444 1.0
475 476 444 1.0
444 476 445 1.0
476 477 445 1.0
445 477 446 1.0
477 478 446 1.0
446 478 447 1.0
478 479 447 1.0
447 479 448 1.0
479 480 448 1.0
448 480 418 1.0
480 450 418 1.0
450 482 481 1.0
450 481 449 1.0
449 481 483 1.0
449 483 451 1.0
451 483 484 1.0
451 484 452 1.0
452 484 485 1.0
452 485 453 1.0
453 485 486 1.0
453 486 454 1.0
454 486 487 1.0
454 487 455 1.0
455 487 488 1.0
455 488 456 1.0
456 488 489 1.0
456 489 457 1.0
457 489 458 1.0
489 490 458 1.0
458 490 459 1.0
490 491 459 1.0
459 491 460 1.0
491 492 460 1.0
460 492 461 1.0
492 493 461 1.0
461 493 462 1.0
493 494 462 1.0
462 494 463 1.0
494 495 463 1.0
463 495 464 1.0
495 496 464 1.0
464 496 465 1.0
496 497 465 1.0
465 497 498 1.0
465 498 466 1.0
466 498 499 1.0
466 499 467 1.0
467 499 500 1.0
467 500 468 1.0
468 500 501 1.0
468 501 469 1.0
469 501 502 1.0
469 502 470 1.0
470 502 503 1.0
470 503 471 1.0
471 503 504 1.0
471 504 472 1.0
472 504 505 1.0
472 505 473 1.0
473 505 474 1.0
505 506 474 1.0
474 506 475 1.0
506 507 475 1.0
475 507 476 1.0
507 508 476 1.0
476 508 477 1.0
508 509 477 1.0
477 509 478 1.0
509 510 478 1.0
478 510 479 1.0
510 511 479 1.0
479 511 480 1.0
511 512 480 1.0
480 512 450 1.0
512 482 450 1.0
482 513 481 1.0
481 513 514 1.0
481 514 483 1.0
483 514 515 1.0
483 515 484 1.0
484 515 516 1.0
484 516 485 1.0
485 516 517 1.0
485 517 486 1.0
486 517 518 1.0
486 518 487 1.0
487 518 519 1.0
487 519 488 1.0
488 519 520 1.0
488 520 489 1.0
489 520 490 1.0
520 521 490 1.0
490 521 491 1.0
521 522 491 1.0
491 522 492 1.0
522 523 492 1.0
492 523 493 1.0
523 524 493 1.0
493 524 494 1.0
524 525 494 1.0
494 525 495 1.0
525 526 495 1.0
495 526 496 1.0
526 527 496 1.0
496 527 497 1.0
497 528 498 1.0
498 528 529 1.0
498 529 499 1.0
499 529 530 1.0
499 530 500 1.0
500 530 531 1.0
500 531 501 1.0
501 531 532 1.0
501 532 502 1.0
502 532 533 1.0
502 533 503 1.0
503 533 534 1.0
503 534 504 1.0
504 534 535 1.0
504 535 505 1.0
505 535 506 1.0
535 536 506 1.0
506 536 507 1.0
536 537 507 1.0
507 537 508 1.0
537 538 508 1.0
508 538 509 1.0
538 539 509 1.0
509 539 510 1.0
539 540 510 1.0
510 540 511 1.0
540 541 511 1.0
511 541 512 1.0
541 542 512 1.0
512 542 482 1.0
482 543 513 1.0
513 543 544 1.0
513 544 514 1.0
514 544 545 1.0
514 545 515 1.0
515 545 546 1.0
515 546 516 1.0
516 546 547 1.0
516 547 517 1.0
517 547 548 1.0
517 548 518 1.0
518 548 549 1.0
518 549 519 1.0
519 549 550 1.0
519 550 520 1.0
520 550 521 1.0
550 551 521 1.0
521 551 522 1.0
551 552 522 1.0
522 552 523 1.0
552 553 523 1.0
523 553 524 1.0
553 554 524 1.0
524 554 525 1.0
554 555 525 1.0
525 555 526 1.0
555 556 526 1.0
526 556 527 1.0
556 557 527 1.0
527 557 497 1.0
497 557 528 1.0
528 557 556 1.0
528 556 529 1.0
529 556 555 1.0
529 555 530 1.0
530 555 554 1.0
530 554 531 1.0
531 554 553 1.0
531 553 532 1.0
532 553 552 1.0
532 552 533 1.0
533 552 551 1.0
533 551 534 1.0
534 551 550 1.0
534 550 535 1.0
535 550 536 1.0
550 549 536 1.0
536 549 537 1.0
549 548 537 1.0
537 548 538 1.0
548 547 538 1.0
538 547 539 1.0
547 546 539 1.0
539 546 540 1.0
546 545 540 1.0
540 545 541 1.0
545 544 541 1.0
541 544 542 1.0
544 543 542 1.0
542 543 482 1.0
1 559 558 2.0
1 4 559 2.0
4 560 559 2.0
4 6 560 2.0
6 561 560 2.0
6 8 561 2.0
8 562 561 2.0
8 10 562 2.0
10 563 562 2.0
10 12 563 2.0
12 564 563 2.0
12 14 564 2.0
14 565 564 2.0
14 16 565 2.0
16 566 565 2.0
16 18 566 2.0
18 19 566 2.0
566 19 567 2.0
19 21 567 2.0
567 21 568 2.0
21 23 568 2.0
568 23 569 2.0
23 25 569 2.0
569 25 570 2.0
25 27 570 2.0
570 27 571 2.0
27 29 571 2.0
571 29 572 2.0
29 31 572 2.0
572 31 573 2.0
31 33 573 2.0
573 33 574 2.0
33 575 574 2.0
33 36 575 2.0
36 576 575 2.0
36 38 576 2.0
38 577 576 2.0
38 40 577 2.0
40 578 577 2.0
40 42 578 2.0
42 579 578 2.0
42 44 579 2.0
44 580 579 2.0
44 46 580 2.0
46 581 580 2.0
46 48 581 2.0
48 582 581 2.0
48 50 582 2.0
50 51 582 2.0
582 51 583 2.0
51 53 583 2.0
583 53 584 2.0
53 55 584 2.0
584 55 585 2.0
55 57 585 2.0
585 57 586 2.0
57 59 586 2.0
586 59 587 2.0
59 61 587 2.0
587 61 588 2.0
61 63 588 2.0
588 63 589 2.0
63 1 589 2.0
589 1 558 2.0
558 591 590 7.0
558 559 591 2.0
559 592 591 7.0
559 560 592 2.0
560 593 592 7.0
560 561 593 2.0
561 594 593 7.0
561 562 594 2.0
562 595 594 7.0
562 563 595 2.0
563 596 595 2.0
563 564 596 2.0
564 597 596 2.0
564 565 597 2.0
565 598 597 2.0
565 566 598 2.0
566 567 598 2.0
598 567 599 2.0
567 568 599 2.0
599 568 600 2.0
568 569 600 2.0
600 569 601 2.0
569 570 601 2.0
601 570 602 2.0
570 571 602 2.0
602 571 603 2.0
571 572 603 2.0
603 572 604 2.0
572 573 604 2.0
604 573 605 2.0
573 574 605 2.0
605 574 606 2.0
574 607 606 2.0
574 575 607 2.0
575 608 607 2.0
575 576 608 2.0
576 609 608 2.0
576 577 609 2.0
577 610 609 2.0
577 578 610 2.0
578 611 610 2.0
578 579 611 2.0
579 612 611 2.0
579 580 612 2.0
580 613 612 2.0
580 581 613 2.0
581 614 613 2.0
581 582 614 2.0
582 583 614 2.0
614 583 615 2.0
583 584 615 2.0
615 584 616 2.0
584 585 616 2.0
616 585 617 2.0
585 586 617 2.0
617 586 618 7.0
586 587 618 2.0
618 587 619 7.0
587 588 619 2.0
619 588 620 7.0
588 589 620 2.0
620 589 621 7.0
589 558 621 2.0
621 558 590 7.0
590 623 622 7.0
590 591 623 7.0
591 624 623 7.0
591 592 624 7.0
592 625 624 7.0
592 593 625 7.0
593 626 625 7.0
593 594 626 7.0
594 627 626 7.0
594 595 627 7.0
595 628 627 2.0
595 596 628 2.0
596 629 628 2.0
596 597 629 2.0
597 630 629 2.0
597 598 630 2.0
598 599 630 2.0
630 599 631 2.0
599 600 631 2.0
631 600 632 2.0
600 601 632 2.0
632 601 633 2.0
601 602 633 2.0
633 602 634 2.0
602 603 634 2.0
634 603 635 2.0
603 604 635 2.0
635 604 636 2.0
604 605 636 2.0
636 605 637 2.0
605 606 637 2.0
637 606 638 2.0
606 639 638 2.0
606 607 639 2.0
607 640 639 2.0
607 608 640 2.0
608 641 640 2.0
608 609 641 2.0
609 642 641 2.0
609 610 642 2.0
610 643 642 2.0
610 611 643 2.0
611 644 643 2.0
611 612 644 2.0
612 645 644 2.0
612 613 645 2.0
613 646 645 2.0
613 614 646 2.0
614 615 646 2.0
646 615 647 2.0
615 616 647 2.0
647 616 648 2.0
616 617 648 2.0
648 617 649 2.0
617 618 649 7.0
649 618 650 7.0
618 619 650 7.0
650 619 651 7.0
619 620 651 7.0
651 620 652 7.0
620 621 652 7.0
652 621 653 7.0
621 590 653 7.0
653 590 622 7.0
622 655 654 7.0
622 623 655 7.0
623 656 655 7.0
623 624 656 7.0
624 657 656 7.0
624 625 657 7.0
625 658 657 7.0
625 626 658 7.0
626 659 658 7.0
626 627 659 7.0
627 660 659 2.0
627 628 660 2.0
628 661 660 2.0
628 629 661 2.0
629 662 661 2.0
629 630 662 2.0
630 631 662 2.0
662 631 663 2.0
631 632 663 2.0
663 632 664 2.0
632 633 664 2.0
664 633 665 2.0
633 634 665 2.0
665 634 666 2.0
634 635 666 2.0
666 635 667 2.0
635 636 667 2.0
667 636 668 2.0
636 637 668 2.0
668 637 669 2.0
637 638 669 2.0
669 638 670 2.0
638 671 670 2.0
638 639 671 2.0
639 672 671 2.0
639 640 672 2.0
640 673 672 2.0
640 641 673 2.0
641 674 673 2.0
641 642 674 2.0
642 675 674 2.0
642 643 675 2.0
643 676 675 2.0
643 644 676 2.0
644 677 676 2.0
644 645 677 2.0
645 678 677 2.0
645 646 678 2.0
646 647 678 2.0
678 647 679 2.0
647 648 679 2.0
679 648 680 2.0
648 649 680 2.0
680 649 681 2.0
649 650 681 7.0
681 650 682 7.0
650 651 682 7.0
682 651 683 7.0
651 652 683 7.0
683 652 684 7.0
652 653 684 7.0
684 653 685 7.0
653 622 685 7.0
685 622 654 7.0
654 687 686 7.0
654 655 687 7.0
655 688 687 7.0
655 656 688 7.0
656 689 688 7.0
656 657 689 7.0
657 690 689 7.0
657 658 690 7.0
658 691 690 7.0
658 659 691 7.0
659 692 691 2.0
659 660 692 2.0
660 693 692 2.0
660 661 693 2.0
661 694 693 2.0
661 662 694 2.0
662 663 694 2.0
694 663 695 2.0
663 664 695 2.0
695 664 696 2.0
664 665 696 2.0
696 665 697 2.0
665 666 697 2.0
697 666 698 2.0
666 667 698 2.0
698 667 699 2.0
667 668 699 2.0
699 668 700 2.0
668 669 700 2.0
700 669 701 2.0
669 670 701 2.0
701 670 702 2.0
670 703 702 2.0
670 671 703 2.0
671 704 703 2.0
671 672 704 2.0
672 705 704 2.0
672 673 705 2.0
673 706 705 2.0
673 674 706 2.0
674 707 706 2.0
674 675 707 2.0
675 708 707 2.0
675 676 708 2.0
676 709 708 2.0
676 677 709 2.0
677 710 709 2.0
677 678 710 2.0
678 679 710 2.0
710 679 711 2.0
679 680 711 2.0
711 680 712 2.0
680 681 712 2.0
712 681 713 2.0
681 682 713 7.0
713 682 714 7.0
682 683 714 7.0
714 683 715 7.0
683 684 715 7.0
715 684 716 7.0
684 685 716 7.0
716 685 717 7.0
685 654 717 7.0
717 654 686 7.0
686 719 718 7.0
686 687 719 7.0
687 720 719 7.0
687 688 720 7.0
688 721 720 7.0
688 689 721 7.0
689 722 721 7.0
689 690 722 7.0
690 723 722 7.0
690 691 723 7.0
691 724 723 2.0
691 692 724 2.0
692 725 724 2.0
692 693 725 2.0
693 726 725 2.0
693 694 726 2.0
694 695 726 2.0
726 695 727 2.0
695 696 727 2.0
727 696 728 2.0
696 697 728 2.0
728 697 729 8.0
697 698 729 8.0
729 698 730 8.0
698 699 730 8.0
730 699 731 8.0
699 700 731 8.0
731 700 732 8.0
700 701 732 8.0
732 701 733 8.0
701 702 733 8.0
733 702 734 8.0
702 735 734 8.0
702 703 735 8.0
703 736 735 8.0
703 704 736 8.0
704 737 736 8.0
704 705 737 8.0
705 738 737 8.0
705 706 738 8.0
706 739 738 8.0
706 707 739 8.0
707 740 739 8.0
707 708 740 2.0
708 741 740 2.0
708 709 741 2.0
709 742 741 2.0
709 710 742 2.0
710 711 742 2.0
742 711 743 2.0
711 712 743 2.0
743 712 744 2.0
712 713 744 2.0
744 713 745 2.0
713 714 745 7.0
745 714 746 7.0
714 715 746 7.0
746 715 747 7.0
715 716 747 7.0
747 716 748 7.0
716 717 748 7.0
748 717 749 7.0
717 686 749 7.0
749 686 718 7.0
718 751 750 7.0
718 719 751 7.0
719 752 751 7.0
719 720 752 7.0
720 753 752 7.0
720 721 753 7.0
721 754 753 7.0
721 722 754 7.0
722 755 754 7.0
722 723 755 7.0
723 756 755 2.0
723 724 756 2.0
724 757 756 2.0
724 725 757 2.0
725 758 757 2.0
725 726 758 2.0
726 727 758 2.0
758 727 759 2.0
727 728 759 2.0
759 728 760 2.0
728 729 760 2.0
760 729 761 8.0
729 730 761 8.0
761 730 762 8.0
730 731 762 8.0
762 731 763 8.0
731 732 763 8.0
763 732 764 8.0
732 733 764 8.0
764 733 765 8.0
733 734 765 8.0
765 734 766 8.0
734 767 766 8.0
734 735 767 8.0
735 768 767 8.0
735 736 768 8.0
736 769 768 8.0
736 737 769 8.0
737 770 769 8.0
737 738 770 8.0
738 771 770 8.0
738 739 771 8.0
739 772 771 8.0
739 740 772 2.0
740 773 772 2.0
740 741 773 2.0
741 774 773 2.0
741 742 774 2.0
742 743 774 2.0
774 743 775 2.0
743 744 775 2.0
775 744 776 2.0
744 745 776 2.0
776 745 777 2.0
745 746 777 7.0
777 746 778 7.0
746 747 778 7.0
778 747 779 7.0
747 748 779 7.0
779 748 780 7.0
748 749 780 7.0
780 749 781 7.0
749 718 781 7.0
781 718 750 7.0
750 783 782 6.0
750 751 783 6.0
751 784 783 6.0
751 752 784 6.0
752 785 784 6.0
752 753 785 6.0
753 786 785 6.0
753 754 786 6.0
754 787 786 6.0
754 755 787 6.0
755 788 787 2.0
755 756 788 2.0
756 789 788 2.0
756 757 789 2.0
757 790 789 2.0
757 758 790 2.0
758 759 790 2.0
790 759 791 2.0
759 760 791 2.0
791 760 792 2.0
760 761 792 2.0
792 761 793 8.0
761 762 793 8.0
793 762 794 8.0
762 763 794 8.0
794 763 795 8.0
763 764 795 8.0
795 764 796 8.0
764 765 796 8.0
796 765 797 8.0
765 766 797 8.0
797 766 798 8.0
766 799 798 8.0
766 767 799 8.0
767 800 799 8.0
767 768 800 8.0
768 801 800 8.0
768 769 801 8.0
769 802 801 8.0
769 770 802 8.0
770 803 802 8.0
770 771 803 8.0
771 804 803 8.0
771 772 804 2.0
772 805 804 2.0
772 773 805 2.0
773 806 805 2.0
773 774 806 2.0
774 775 806 2.0
806 775 807 2.0
775 776 807 2.0
807 776 808 2.0
776 777 808 2.0
808 777 809 2.0
777 778 809 6.0
809 778 810 6.0
778 779 810 6.0
810 779 811 6.0
779 780 811 6.0
811 780 812 6.0
780 781 812 6.0
812 781 813 6.0
781 750 813 6.0
813 750 782 6.0
782 815 814 6.0
782 783 815 6.0
783 816 815 6.0
783 784 816 6.0
784 817 816 6.0
784 785 817 6.0
785 818 817 6.0
785 786 818 6.0
786 819 818 6.0
786 787 819 6.0
787 820 819 2.0
787 788 820 2.0
788 821 820 2.0
788 789 821 2.0
789 822 821 2.0
789 790 822 2.0
790 791 822 2.0
822 791 823 2.0
791 792 823 2.0
823 792 824 2.0
792 793 824 2.0
824 793 825 8.0
793 794 825 8.0
825 794 826 8.0
794 795 826 8.0
826 795 827 8.0
795 796 827 8.0
827 796 828 8.0
796 797 828 8.0
828 797 829 8.0
797 798 829 8.0
829 798 830 8.0
798 831 830 8.0
798 799 831 8.0
799 832 831 8.0
799 800 832 8.0
800 833 832 8.0
800 801 833 8.0
801 834 833 8.0
801 802 834 8.0
802 835 834 8.0
802 803 835 8.0
803 836 835 8.0
803 804 836 2.0
804 837 836 2.0
804 805 837 2.0
805 838 837 2.0
805 806 838 2.0
806 807 838 2.0
838 807 839 2.0
807 808 839 2.0
839 808 840 2.0
808 809 840 2.0
840 809 841 2.0
809 810 841 6.0
841 810 842 6.0
810 811 842 6.0
842 811 843 6.0
811 812 843 6.0
843 812 844 6.0
812 813 844 6.0
844 813 845 6.0
813 782 845 6.0
845 782 814 6.0
814 847 846 2.0
814 815 847 6.0
815 848 847 2.0
815 816 848 6.0
816 849 848 2.0
816 817 849 6.0
817 850 849 2.0
817 818 850 6.0
818 851 850 2.0
818 819 851 6.0
819 852 851 2.0
819 820 852 2.0
820 853 852 2.0
820 821 853 2.0
821 854 853 2.0
821 822 854 2.0
822 823 854 2.0
854 823 855 2.0
823 824 855 2.0
855 824 856 2.0
824 825 856 2.0
856 825 857 2.0
825 826 857 8.0
857 826 858 2.0
826 827 858 8.0
858 827 859 2.0
827 828 859 8.0
859 828 860 2.0
828 829 860 8.0
860 829 861 2.0
829 830 861 8.0
861 830 862 2.0
830 863 862 2.0
830 831 863 8.0
831 864 863 2.0
831 832 864 8.0
832 865 864 2.0
832 833 865 8.0
833 866 865 2.0
833 834 866 8.0
834 867 866 2.0
834 835 867 8.0
835 868 867 2.0
835 836 868 2.0
836 869 868 2.0
836 837 869 2.0
837 870 869 2.0
837 838 870 2.0
838 839 870 2.0
870 839 871 2.0
839 840 871 2.0
871 840 872 2.0
840 841 872 2.0
872 841 873 2.0
841 842 873 6.0
873 842 874 2.0
842 843 874 6.0
874 843 875 2.0
843 844 875 6.0
875 844 876 2.0
844 845 876 6.0
876 845 877 2.0
845 814 877 6.0
877 814 846 2.0
846 879 878 2.0
846 847 879 2.0
847 880 879 2.0
847 848 880 2.0
848 881 880 2.0
848 849 881 2.0
849 882 881 2.0
849 850 882 2.0
850 883 882 2.0
850 851 883 2.0
851 884 883 2.0
851 852 884 2.0
852 885 884 2.0
852 853 885 2.0
853 886 885 2.0
853 854 886 2.0
854 855 886 2.0
886 855 887 2.0
855 856 887 2.0
887 856 888 2.0
856 857 888 2.0
888 857 889 2.0
857 858 889 2.0
889 858 890 2.0
858 859 890 2.0
890 859 891 2.0
859 860 891 2.0
891 860 892 2.0
860 861 892 2.0
892 861 893 2.0
861 862 893 2.0
893 862 894 2.0
862 895 894 2.0
862 863 895 2.0
863 896 895 2.0
863 864 896 2.0
864 897 896 2.0
864 865 897 2.0
865 898 897 2.0
865 866 898 2.0
866 899 898 2.0
866 867 899 2.0
867 900 899 2.0
867 868 900 2.0
868 901 900 2.0
868 869 901 2.0
869 902 901 2.0
869 870 902 2.0
870 871 902 2.0
902 871 903 2.0
871 872 903 2.0
903 872 904 2.0
872 873 904 2.0
904 873 905 2.0
873 874 905 2.0
905 874 906 2.0
874 875 906 2.0
906 875 907 2.0
875 876 907 2.0
907 876 908 2.0
876 877 908 2.0
908 877 909 2.0
877 846 909 2.0
909 846 878 2.0
878 911 910 2.0
878 879 911 2.0
879 912 911 2.0
879 880 912 2.0
880 913 912 2.0
880 881 913 2.0
881 914 913 2.0
881 882 914 2.0
882 915 914 2.0
882 883 915 2.0
883 916 915 2.0
883 884 916 2.0
884 917 916 2.0
884 885 917 2.0
885 918 917 2.0
885 886 918 2.0
886 887 918 2.0
918 887 919 2.0
887 888 919 2.0
919 888 920 2.0
888 889 920 2.0
920 889 921 2.0
889 890 921 2.0
921 890 922 2.0
890 891 922 2.0
922 891 923 2.0
891 892 923 2.0
923 892 924 2.0
892 893 924 2.0
924 893 925 2.0
893 894 925 2.0
925 894 926 2.0
894 927 926 2.0
894 895 927 2.0
895 928 927 2.0
895 896 928 2.0
896 929 928 2.0
896 897 929 2.0
897 930 929 2.0
897 898 930 2.0
898 931 930 2.0
898 899 931 2.0
899 932 931 2.0
899 900 932 2.0
900 933 932 2.0
900 901 933 2.0
901 934 933 2.0
901 902 934 2.0
902 903 934 2.0
934 903 935 2.0
903 904 935 2.0
935 904 936 2.0
904 905 936 2.0
936 905 937 2.0
905 906 937 2.0
937 906 938 2.0
906 907 938 2.0
938 907 939 2.0
907 908 939 2.0
939 908 940 2.0
908 909 940 2.0
940 909 941 2.0
909 878 941 2.0
941 878 910 2.0
910 943 942 2.0
910 911 943 2.0
911 944 943 2.0
911 912 944 2.0
912 945 944 2.0
912 913 945 2.0
913 946 945 2.0
913 914 946 2.0
914 947 946 2.0
914 915 947 2.0
915 948 947 2.0
915 916 948 2.0
916 949 948 2.0
916 917 949 2.0
917 950 949 2.0
917 918 950 2.0
918 919 950 2.0
950 919 951 2.0
919 920 951 2.0
951 920 952 2.0
920 921 952 2.0
952 921 953 2.0
921 922 953 2.0
953 922 954 2.0
922 923 954 2.0
954 923 955 2.0
923 924 955 2.0
955 924 956 2.0
924 925 956 2.0
956 925 957 2.0
925 926 957 2.0
957 926 958 2.0
926 959 958 2.0
926 927 959 2.0
927 960 959 2.0
927 928 960 2.0
928 961 960 2.0
928 929 961 2.0
929 962 961 2.0
929 930 962 2.0
930 963 962 2.0
930 931 963 2.0
931 964 963 2.0
931 932 964 2.0
932 965 964 2.0
932 933 965 2.0
933 966 965 2.0
933 934 966 2.0
934 935 966 2.0
966 935 967 2.0
935 936 967 2.0
967 936 968 2.0
936 937 968 2.0
968 937 969 2.0
937 938 969 2.0
969 938 970 2.0
938 939 970 2.0
970 939 971 2.0
939 940 971 2.0
971 940 972 2.0
940 941 972 2.0
972 941 973 2.0
941 910 973 2.0
973 910 942 2.0
942 975 974 2.0
942 943 975 2.0
943 976 975 2.0
943 944 976 2.0
944 977 976 2.0
944 945 977 2.0
945 978 977 2.0
945 946 978 2.0
946 979 978 2.0
946 947 979 2.0
947 980 979 2.0
947 948 980 2.0
948 981 980 2.0
948 949 981 2.0
949 982 981 2.0
949 950 982 2.0
950 951 982 2.0
982 951 983 2.0
951 952 983 2.0
983 952 984 2.0
952 953 984 2.0
984 953 985 2.0
953 954 985 2.0
985 954 986 2.0
954 955 986 2.0
986 955 987 2.0
955 956 987 2.0
987 956 988 2.0
956 957 988 2.0
988 957 989 2.0
957 958 989 2.0
989 958 990 2.0
958 991 990 2.0
958 959 991 2.0
959 992 991 2.0
959 960 992 2.0
960 993 992 2.0
960 961 993 2.0
961 994 993 2.0
961 962 994 2.0
962 995 994 2.0
962 963 995 2.0
963 996 995 2.0
963 964 996 2.0
964 997 996 2.0
964 965 997 2.0
965 998 997 2.0
965 966 998 2.0
966 967 998 2.0
998 967 999 2.0
967 968 999 2.0
999 968 1000 2.0
968 969 1000 2.0
1000 969 1001 2.0
969 970 1001 2.0
1001 970 1002 2.0
970 971 1002 2.0
1002 971 1003 2.0
971 972 1003 2.0
1003 972 1004 2.0
972 973 1004 2.0
1004 973 1005 2.0
973 942 1005 2.0
1005 942 974 2.0
974 1007 1006 2.0
974 975 1007 2.0
975 1008 1007 2.0
975 976 1008 2.0
976 1009 1008 2.0
976 977 1009 2.0
977 1010 1009 2.0
977 978 1010 2.0
978 1011 1010 2.0
978 979 1011 2.0
979 1012 1011 2.0
979 980 1012 2.0
980 1013 1012 2.0
980 981 1013 2.0
981 1014 1013 2.0
981 982 1014 2.0
982 983 1014 2.0
1014 983 1015 2.0
983 984 1015 2.0
1015 984 1016 2.0
984 985 1016 2.0
1016 985 1017 2.0
985 986 1017 2.0
1017 986 1018 2.0
986 987 1018 2.0
1018 987 1019 2.0
987 988 1019 2.0
1019 988 1020 2.0
988 989 1020 2.0
1020 989 1021 2.0
989 990 1021 2.0
1021 990 1022 2.0
990 1023 1022 2.0
990 991 1023 2.0
991 1024 1023 2.0
991 992 1024 2.0
992 1025 1024 2.0
992 993 1025 2.0
993 1026 1025 2.0
993 994 1026 2.0
994 1027 1026 2.0
994 995 1027 2.0
995 1028 1027 2.0
995 996 1028 2.0
996 1029 1028 2.0
996 997 1029 2.0
997 1030 1029 2.0
997 998 1030 2.0
998 999 1030 2.0
1030 999 1031 2.0
999 1000 1031 2.0
1031 1000 1032 2.0
1000 1001 1032 2.0
1032 1001 1033 2.0
1001 1002 1033 2.0
1033 1002 1034 2.0
1002 1003 1034 2.0
1034 1003 1035 2.0
1003 1004 1035 2.0
1035 1004 1036 2.0
1004 1005 1036 2.0
1036 1005 1037 2.0
1005 974 1037 2.0
1037 974 1006 2.0
1006 1007 1038 2.0
1007 1039 1038 2.0
1007 1008 1039 2.0
1008 1040 1039 2.0
1008 1009 1040 2.0
1009 1041 1040 2.0
1009 1010 1041 2.0
1010 1042 1041 2.0
1010 1011 1042 2.0
1011 1043 1042 2.0
1011 1012 1043 2.0
1012 1044 1043 2.0
1012 1013 1044 2.0
1013 1045 1044 2.0
1013 1014 1045 2.0
1014 1015 1045 2.0
1045 1015 1046 2.0
1015 1016 1046 2.0
1046 1016 1047 2.0
1016 1017 1047 2.0
1047 1017 1048 2.0
1017 1018 1048 2.0
1048 1018 1049 2.0
1018 1019 1049 2.0
1049 1019 1050 2.0
1019 1020 1050 2.0
1050 1020 1051 2.0
1020 1021 1051 2.0
1051 1021 1052 2.0
1021 1022 1052 2.0
1022 1023 1053 2.0
1023 1054 1053 2.0
1023 1024 1054 2.0
1024 1055 1054 2.0
1024 1025 1055 2.0
1025 1056 1055 2.0
1025 1026 1056 2.0
1026 1057 1056 2.0
1026 1027 1057 2.0
1027 1058 1057 2.0
1027 1028 1058 2.0
1028 1059 1058 2.0
1028 1029 1059 2.0
1029 1060 1059 2.0
1029 1030 1060 2.0
1030 1031 1060 2.0
1060 1031 1061 2.0
1031 1032 1061 2.0
1061 1032 1062 2.0
1032 1033 1062 2.0
1062 1033 1063 2.0
1033 1034 1063 2.0
1063 1034 1064 2.0
1034 1035 1064 2.0
1064 1035 1065 2.0
1035 1036 1065 2.0
1065 1036 1066 2.0
1036 1037 1066 2.0
1066 1037 1067 2.0
1037 1006 1067 2.0
1006 1038 1068 2.0
1038 1069 1068 2.0
1038 1039 1069 2.0
1039 1070 1069 2.0
1039 1040 1070 2.0
1040 1071 1070 2.0
1040 1041 1071 2.0
1041 1072 1071 2.0
1041 1042 1072 2.0
1042 1073 1072 2.0
1042 1043 1073 2.0
1043 1074 1073 2.0
1043 1044 1074 2.0
1044 1075 1074 2.0
1044 1045 1075 2.0
1045 1046 1075 2.0
1075 1046 1076 2.0
1046 1047 1076 2.0
1076 1047 1077 2.0
1047 1048 1077 2.0
1077 1048 1078 2.0
1048 1049 1078 2.0
1078 1049 1079 2.0
1049 1050 1079 2.0
1079 1050 1080 2.0
1050 1051 1080 2.0
1080 1051 1081 2.0
1051 1052 1081 2.0
1081 1052 1082 2.0
1052 1022 1082 2.0
1022 1053 1082 2.0
1053 1081 1082 2.0
1053 1054 1081 2.0
1054 1080 1081 2.0
1054 1055 1080 2.0
1055 1079 1080 2.0
1055 1056 1079 2.0
1056 1078 1079 2.0
1056 1057 1078 2.0
1057 1077 1078 2.0
1057 1058 1077 2.0
1058 1076 1077 2.0
1058 1059 1076 2.0
1059 1075 1076 2.0
1059 1060 1075 2.0
1060 1061 1075 2.0
1075 1061 1074 2.0
1061 1062 1074 2.0
1074 1062 1073 2.0
1062 1063 1073 2.0
1073 1063 1072 2.0
1063 1064 1072 2.0
1072 1064 1071 2.0
1064 1065 1071 2.0
1071 1065 1070 2.0
1065 1066 1070 2.0
1070 1066 1069 2.0
1066 1067 1069 2.0
1069 1067 1068 2.0
1067 1006 1068 2.0
